userid,srl_s_1,srl_s_2,srl_s_3,srl_s_4,srl_s_5,srl_s_6,srl_s_7,srl_s_8,srl_s_9,srl_s_10,srl_s_11,srl_s_12,srl_s_13,srl_s_14,srl_s_15,srl_s_16,srl_s_17,srl_s_18,srl_s_19,srl_s_20,srl_s_21,srl_s_22,srl_s_23,srl_s_24,srl_s_25,srl_s_26,srl_s_27,srl_s_28,srl_s_29,srl_s_30,srl_s_31,srl_s_32,srl_s_33,srl_s_34,srl_s_35,srl_s_36,srl_s_37,srl_s_38,srl_s_39,srl_s_40,srl_s_41,srl_s_42,srl_s_43,srl_s_44,srl_s_45,srl_s_46,srl_s_47,srl_s_48,srl_s_49,srl_s_50
b64ce7758b9f7e58f1ad8bbcf7811e7d,5.0,5.0,5.0,4.0,5.0,4.0,5.0,5.0,5.0,4.0,5.0,5.0,5.0,5.0,2.0,4.0,4.0,3.0,3.0,2.0,5.0,5.0,5.0,5.0,3.0,4.0,1.0,4.0,5.0,5.0,4.0,5.0,5.0,1.0,4.0,5.0,5.0,1.0,1.0,1.0,5.0,1.0,5.0,4.0,5.0,5.0,5.0,3.0,5.0,4.0
0cebfa477ed3e2e0c5a3f9aa96c23698,4.0,4.0,4.0,4.0,4.0,4.0,4.0,5.0,5.0,5.0,5.0,4.0,4.0,5.0,4.0,4.0,4.0,4.0,4.0,4.0,4.0,4.0,4.0,4.0,4.0,4.0,4.0,4.0,4.0,4.0,4.0,5.0,5.0,3.0,4.0,4.0,4.0,4.0,4.0,4.0,4.0,5.0,4.0,4.0,4.0,4.0,4.0,3.0,4.0,4.0
deab088838618d0f80db74ae4a277269,3.0,3.0,3.0,3.0,3.0,3.0,3.0,3.0,3.0,3.0,3.0,3.0,3.0,3.0,3.0,3.0,3.0,3.0,3.0,3.0,3.0,3.0,3.0,3.0,3.0,3.0,3.0,3.0,3.0,3.0,3.0,3.0,3.0,3.0,3.0,3.0,3.0,3.0,3.0,3.0,3.0,3.0,3.0,3.0,3.0,3.0,3.0,3.0,3.0,3.0
0a715a568a054d7996fcbcbf17b36551,4.0,4.0,3.0,4.0,4.0,4.0,4.0,4.0,3.0,4.0,4.0,4.0,4.0,3.0,4.0,4.0,3.0,4.0,4.0,4.0,4.0,4.0,4.0,4.0,4.0,4.0,4.0,4.0,4.0,4.0,4.0,4.0,3.0,3.0,3.0,3.0,3.0,4.0,4.0,3.0,3.0,3.0,3.0,4.0,1.0,4.0,4.0,3.0,3.0,4.0
ca7f48cb0d61ed7c967adf1a0010367e,5.0,5.0,4.0,5.0,3.0,3.0,3.0,4.0,3.0,3.0,2.0,5.0,3.0,5.0,4.0,3.0,4.0,3.0,3.0,3.0,3.0,4.0,4.0,4.0,3.0,4.0,3.0,4.0,4.0,3.0,3.0,4.0,3.0,3.0,4.0,2.0,4.0,4.0,2.0,2.0,5.0,3.0,5.0,4.0,4.0,3.0,2.0,3.0,2.0,2.0
2979bd5d5a584c2aa70f4a434412bc2b,4.0,4.0,4.0,4.0,4.0,5.0,4.0,3.0,5.0,4.0,3.0,4.0,5.0,4.0,3.0,5.0,5.0,4.0,2.0,1.0,5.0,4.0,3.0,3.0,3.0,4.0,1.0,4.0,3.0,4.0,2.0,3.0,4.0,5.0,4.0,4.0,5.0,3.0,4.0,3.0,4.0,2.0,4.0,2.0,4.0,3.0,5.0,2.0,4.0,2.0
d60df871c935791074fe3fc9c919b1e4,4.0,4.0,4.0,4.0,5.0,4.0,4.0,4.0,4.0,4.0,4.0,4.0,4.0,4.0,4.0,4.0,4.0,4.0,4.0,2.0,4.0,4.0,4.0,4.0,4.0,4.0,2.0,4.0,4.0,4.0,4.0,4.0,4.0,2.0,4.0,4.0,4.0,2.0,2.0,2.0,4.0,3.0,4.0,4.0,4.0,4.0,4.0,3.0,4.0,3.0
f5fd1f70d1747238d53ec5ef722d68d7,3.0,4.0,4.0,4.0,4.0,4.0,4.0,5.0,3.0,3.0,4.0,4.0,3.0,4.0,3.0,4.0,3.0,3.0,3.0,2.0,2.0,4.0,4.0,3.0,3.0,4.0,2.0,3.0,4.0,4.0,3.0,4.0,4.0,2.0,3.0,4.0,4.0,2.0,2.0,2.0,4.0,2.0,4.0,3.0,4.0,4.0,4.0,4.0,3.0,3.0
bebc49073c8a5def929612def946c281,4.0,3.0,5.0,5.0,5.0,3.0,4.0,3.0,4.0,4.0,4.0,5.0,3.0,4.0,2.0,4.0,3.0,3.0,3.0,4.0,2.0,3.0,5.0,3.0,2.0,2.0,1.0,4.0,5.0,2.0,5.0,5.0,3.0,2.0,3.0,4.0,4.0,2.0,1.0,1.0,5.0,1.0,5.0,5.0,3.0,4.0,2.0,3.0,3.0,3.0
3d606cd38291c1e5941bc1c37f84f216,2.0,2.0,2.0,2.0,2.0,2.0,2.0,2.0,2.0,2.0,2.0,2.0,2.0,2.0,2.0,2.0,2.0,2.0,2.0,2.0,2.0,2.0,2.0,2.0,2.0,2.0,2.0,2.0,2.0,2.0,2.0,2.0,2.0,2.0,2.0,2.0,2.0,2.0,2.0,2.0,2.0,2.0,2.0,2.0,2.0,2.0,2.0,2.0,2.0,2.0
92c1e87578f7b00e26df9d0ad21c63da,5.0,4.0,4.0,4.0,3.0,3.0,3.0,3.0,4.0,3.0,5.0,4.0,3.0,4.0,3.0,4.0,3.0,3.0,4.0,2.0,3.0,4.0,3.0,4.0,3.0,4.0,2.0,4.0,4.0,3.0,4.0,4.0,4.0,2.0,3.0,4.0,5.0,3.0,2.0,2.0,4.0,4.0,4.0,4.0,3.0,4.0,4.0,1.0,1.0,1.0
f65238cddaeec1be538e9c1a5990e48f,3.0,3.0,3.0,1.0,2.0,3.0,3.0,3.0,3.0,3.0,3.0,3.0,3.0,3.0,3.0,3.0,3.0,4.0,5.0,1.0,4.0,5.0,5.0,4.0,5.0,5.0,5.0,5.0,5.0,4.0,5.0,5.0,5.0,4.0,5.0,4.0,5.0,4.0,5.0,1.0,5.0,5.0,4.0,5.0,5.0,4.0,5.0,5.0,4.0,5.0
5f1981994e777f8d76c45df9adfc8662,3.0,2.0,2.0,3.0,3.0,4.0,5.0,2.0,3.0,5.0,4.0,3.0,1.0,3.0,4.0,5.0,4.0,5.0,5.0,4.0,3.0,4.0,5.0,4.0,5.0,3.0,4.0,5.0,4.0,5.0,2.0,3.0,3.0,3.0,1.0,5.0,4.0,1.0,2.0,1.0,4.0,1.0,3.0,5.0,2.0,1.0,2.0,1.0,1.0,1.0
481c56986ebae62c870b0da9bbafc5c6,3.0,3.0,3.0,3.0,4.0,3.0,4.0,3.0,4.0,3.0,3.0,4.0,3.0,4.0,3.0,4.0,4.0,3.0,4.0,4.0,3.0,3.0,4.0,3.0,4.0,3.0,4.0,4.0,3.0,4.0,3.0,5.0,5.0,2.0,4.0,5.0,5.0,2.0,2.0,5.0,4.0,3.0,4.0,5.0,4.0,3.0,4.0,5.0,3.0,4.0
291a6ecd1a6e4a45fcb3f02c1cdcdf59,3.0,4.0,3.0,3.0,3.0,3.0,3.0,2.0,3.0,3.0,3.0,3.0,3.0,3.0,1.0,4.0,4.0,3.0,5.0,3.0,3.0,2.0,4.0,3.0,3.0,1.0,1.0,3.0,4.0,3.0,3.0,3.0,2.0,5.0,2.0,2.0,5.0,4.0,4.0,3.0,4.0,3.0,3.0,1.0,2.0,2.0,2.0,1.0,5.0,4.0
fbc64c2a6c18eb693cb24d8081e034df,4.0,4.0,3.0,4.0,4.0,3.0,4.0,4.0,3.0,4.0,2.0,2.0,3.0,4.0,4.0,3.0,4.0,3.0,4.0,3.0,3.0,2.0,3.0,4.0,3.0,4.0,4.0,4.0,3.0,4.0,4.0,4.0,4.0,4.0,4.0,4.0,4.0,4.0,3.0,4.0,4.0,4.0,4.0,4.0,4.0,4.0,4.0,4.0,4.0,4.0
8f5bbf339fb86953ffe9148794fcc52a,3.0,3.0,3.0,3.0,3.0,3.0,3.0,3.0,3.0,3.0,3.0,3.0,3.0,3.0,3.0,3.0,3.0,3.0,3.0,3.0,3.0,3.0,3.0,3.0,3.0,3.0,3.0,3.0,3.0,3.0,3.0,3.0,3.0,3.0,3.0,3.0,3.0,3.0,3.0,3.0,3.0,3.0,3.0,3.0,3.0,3.0,3.0,3.0,3.0,3.0
b69c06f1f563ace3c69c7b32f2a6c850,4.0,4.0,4.0,5.0,5.0,4.0,4.0,4.0,5.0,4.0,5.0,4.0,4.0,4.0,5.0,5.0,5.0,5.0,4.0,4.0,5.0,4.0,4.0,4.0,4.0,4.0,4.0,4.0,4.0,4.0,4.0,5.0,4.0,4.0,4.0,4.0,4.0,4.0,4.0,5.0,4.0,4.0,4.0,5.0,4.0,5.0,4.0,5.0,4.0,4.0
27c8f93d752f0222aa211e0691cebee4,5.0,5.0,5.0,4.0,4.0,4.0,4.0,5.0,4.0,4.0,5.0,5.0,3.0,5.0,5.0,5.0,4.0,4.0,4.0,1.0,3.0,3.0,4.0,4.0,3.0,4.0,1.0,3.0,4.0,3.0,4.0,5.0,4.0,1.0,5.0,5.0,5.0,1.0,2.0,1.0,5.0,1.0,5.0,4.0,4.0,5.0,5.0,4.0,4.0,5.0
a7e82fef913fa275bef458aade2e5ae4,4.0,4.0,4.0,3.0,4.0,4.0,4.0,3.0,4.0,4.0,4.0,4.0,3.0,3.0,3.0,4.0,4.0,4.0,4.0,3.0,4.0,4.0,4.0,4.0,4.0,4.0,2.0,3.0,4.0,4.0,4.0,4.0,4.0,2.0,3.0,4.0,4.0,2.0,2.0,2.0,4.0,2.0,4.0,4.0,4.0,4.0,3.0,3.0,2.0,2.0
a5841e53cf792922ad8a7c033329f09c,3.0,3.0,4.0,3.0,4.0,4.0,3.0,3.0,4.0,4.0,5.0,5.0,4.0,4.0,3.0,4.0,4.0,4.0,4.0,4.0,3.0,4.0,4.0,3.0,4.0,4.0,2.0,4.0,4.0,3.0,3.0,4.0,4.0,3.0,4.0,3.0,4.0,3.0,3.0,2.0,4.0,2.0,4.0,4.0,4.0,4.0,4.0,2.0,4.0,5.0
a92f1708363527a34d93b0bc7840262c,5.0,5.0,4.0,4.0,4.0,4.0,4.0,4.0,4.0,4.0,4.0,4.0,4.0,4.0,4.0,4.0,4.0,4.0,4.0,3.0,4.0,4.0,4.0,4.0,4.0,3.0,3.0,3.0,3.0,3.0,3.0,4.0,4.0,4.0,4.0,4.0,4.0,2.0,2.0,2.0,4.0,2.0,4.0,4.0,2.0,4.0,4.0,4.0,4.0,4.0
379bbc4c2c728db0a249e8c4e6b621af,3.0,1.0,3.0,3.0,3.0,3.0,5.0,3.0,3.0,4.0,3.0,3.0,3.0,3.0,5.0,3.0,3.0,5.0,5.0,1.0,3.0,3.0,3.0,3.0,3.0,3.0,1.0,3.0,3.0,1.0,1.0,1.0,3.0,1.0,1.0,5.0,5.0,1.0,1.0,1.0,3.0,1.0,1.0,5.0,3.0,1.0,1.0,1.0,1.0,1.0
ef42bcd3300605e66dc7f8c01f773dec,4.0,4.0,4.0,4.0,4.0,3.0,4.0,3.0,4.0,3.0,4.0,4.0,4.0,4.0,3.0,4.0,4.0,4.0,4.0,3.0,4.0,4.0,4.0,4.0,4.0,4.0,4.0,4.0,4.0,4.0,4.0,4.0,3.0,3.0,3.0,5.0,5.0,3.0,2.0,2.0,3.0,3.0,3.0,4.0,3.0,4.0,4.0,4.0,4.0,4.0
b84f9624c8d995c6b945afc898bd9973,4.0,3.0,4.0,5.0,5.0,3.0,5.0,2.0,4.0,5.0,2.0,4.0,3.0,3.0,3.0,5.0,4.0,5.0,5.0,5.0,3.0,5.0,4.0,3.0,5.0,4.0,1.0,2.0,5.0,2.0,4.0,3.0,3.0,2.0,4.0,5.0,5.0,3.0,2.0,1.0,5.0,2.0,4.0,5.0,3.0,5.0,5.0,5.0,5.0,5.0
95289197f5de3bb81c7622133a0199ee,4.0,4.0,4.0,4.0,4.0,4.0,4.0,4.0,4.0,4.0,4.0,4.0,5.0,3.0,5.0,5.0,5.0,5.0,5.0,5.0,5.0,4.0,4.0,4.0,4.0,4.0,4.0,4.0,5.0,5.0,5.0,5.0,5.0,2.0,5.0,5.0,5.0,2.0,1.0,2.0,5.0,2.0,5.0,3.0,2.0,5.0,5.0,2.0,2.0,2.0
4c2a6bec22f436e1b14bbefa24443b4d,5.0,5.0,5.0,4.0,4.0,5.0,5.0,3.0,3.0,4.0,5.0,5.0,3.0,5.0,5.0,5.0,5.0,5.0,5.0,3.0,4.0,5.0,4.0,5.0,5.0,4.0,2.0,5.0,4.0,5.0,4.0,5.0,4.0,2.0,5.0,5.0,5.0,2.0,1.0,1.0,1.0,1.0,2.0,5.0,4.0,4.0,4.0,3.0,4.0,4.0
1361825bdeb54e5153e74389df8a2a10,4.0,4.0,4.0,4.0,3.0,4.0,3.0,4.0,4.0,3.0,4.0,4.0,2.0,4.0,2.0,2.0,3.0,3.0,3.0,3.0,2.0,4.0,4.0,2.0,3.0,4.0,5.0,3.0,4.0,4.0,3.0,3.0,4.0,3.0,4.0,4.0,5.0,2.0,1.0,3.0,4.0,4.0,4.0,4.0,3.0,3.0,3.0,2.0,1.0,1.0
139af8123e827b0b9d40871506216b7d,4.0,4.0,5.0,3.0,3.0,4.0,4.0,3.0,4.0,3.0,3.0,4.0,4.0,3.0,4.0,4.0,5.0,5.0,5.0,2.0,4.0,3.0,4.0,4.0,4.0,4.0,2.0,4.0,5.0,3.0,3.0,4.0,4.0,2.0,4.0,4.0,3.0,3.0,2.0,2.0,3.0,2.0,3.0,4.0,3.0,4.0,4.0,2.0,5.0,4.0
479e88f02385c56f386d07d59f02a3b2,4.0,4.0,4.0,3.0,4.0,3.0,3.0,4.0,4.0,2.0,4.0,4.0,2.0,3.0,4.0,2.0,2.0,3.0,3.0,3.0,4.0,3.0,4.0,4.0,4.0,3.0,3.0,3.0,5.0,4.0,4.0,4.0,4.0,2.0,4.0,4.0,5.0,4.0,2.0,3.0,3.0,3.0,4.0,2.0,4.0,4.0,5.0,3.0,5.0,5.0
b1dfc5c6ec04d46d1823c5fa972ad320,5.0,2.0,5.0,5.0,5.0,5.0,5.0,1.0,5.0,5.0,3.0,5.0,1.0,3.0,1.0,5.0,5.0,5.0,5.0,1.0,4.0,5.0,5.0,3.0,5.0,2.0,1.0,5.0,5.0,5.0,4.0,5.0,5.0,1.0,1.0,5.0,4.0,1.0,1.0,1.0,4.0,1.0,4.0,5.0,5.0,5.0,5.0,5.0,1.0,1.0
a0dce576762dccbadb3476bad1732c82,4.0,4.0,4.0,4.0,3.0,4.0,4.0,4.0,4.0,4.0,5.0,3.0,3.0,4.0,3.0,3.0,3.0,3.0,3.0,3.0,3.0,3.0,3.0,3.0,3.0,3.0,3.0,3.0,4.0,4.0,4.0,4.0,4.0,4.0,4.0,4.0,5.0,2.0,2.0,3.0,5.0,3.0,4.0,5.0,4.0,5.0,4.0,4.0,4.0,4.0
6d5a2a59f6f376602a835fe57c70455b,4.0,4.0,5.0,5.0,3.0,4.0,4.0,1.0,3.0,4.0,5.0,5.0,2.0,4.0,3.0,4.0,5.0,5.0,5.0,4.0,3.0,5.0,4.0,3.0,4.0,3.0,4.0,4.0,4.0,5.0,3.0,3.0,4.0,4.0,2.0,3.0,4.0,4.0,2.0,3.0,4.0,3.0,4.0,3.0,4.0,4.0,4.0,4.0,4.0,4.0
e5d4b572258708faa5eb1c382eaba86c,4.0,4.0,3.0,4.0,4.0,3.0,3.0,4.0,5.0,4.0,4.0,4.0,4.0,3.0,4.0,4.0,4.0,4.0,4.0,5.0,3.0,3.0,5.0,4.0,4.0,5.0,4.0,4.0,4.0,4.0,4.0,3.0,3.0,3.0,4.0,3.0,5.0,5.0,5.0,4.0,5.0,4.0,5.0,5.0,3.0,5.0,5.0,3.0,5.0,4.0
9feda7bbf2a2e9b1b6ed4a1daa538960,3.0,3.0,3.0,3.0,3.0,3.0,3.0,3.0,3.0,3.0,4.0,4.0,4.0,4.0,3.0,3.0,3.0,3.0,4.0,4.0,4.0,3.0,3.0,2.0,2.0,3.0,3.0,3.0,3.0,3.0,2.0,3.0,3.0,3.0,3.0,3.0,4.0,3.0,3.0,3.0,3.0,4.0,3.0,3.0,2.0,4.0,3.0,2.0,2.0,2.0
86348207eecbbfef7db739a2f6595e18,5.0,5.0,5.0,5.0,5.0,5.0,5.0,5.0,5.0,5.0,5.0,5.0,5.0,5.0,5.0,5.0,5.0,5.0,5.0,5.0,5.0,5.0,5.0,5.0,5.0,5.0,5.0,5.0,5.0,5.0,5.0,5.0,5.0,5.0,5.0,5.0,5.0,5.0,5.0,3.0,5.0,3.0,5.0,5.0,1.0,5.0,5.0,5.0,5.0,5.0
a6f51cc7deb4cb5c5f493747f0e6e3a5,3.0,3.0,4.0,3.0,3.0,3.0,4.0,4.0,4.0,3.0,5.0,5.0,2.0,3.0,3.0,3.0,3.0,3.0,4.0,3.0,3.0,3.0,3.0,3.0,3.0,4.0,4.0,4.0,3.0,3.0,3.0,5.0,4.0,3.0,5.0,4.0,3.0,2.0,2.0,3.0,3.0,3.0,3.0,3.0,2.0,5.0,3.0,1.0,1.0,3.0
2bd3b13fa417ca0970aa75e44af86549,3.0,2.0,3.0,3.0,4.0,4.0,5.0,2.0,2.0,3.0,2.0,3.0,1.0,1.0,3.0,4.0,4.0,4.0,4.0,4.0,3.0,3.0,3.0,3.0,3.0,2.0,1.0,2.0,3.0,2.0,3.0,2.0,2.0,4.0,3.0,4.0,5.0,2.0,4.0,1.0,3.0,1.0,5.0,5.0,1.0,1.0,1.0,1.0,1.0,1.0
f081b3cddc1a85f07c2560673f28547f,4.0,4.0,4.0,4.0,5.0,3.0,4.0,4.0,4.0,2.0,4.0,4.0,4.0,4.0,4.0,4.0,4.0,4.0,4.0,3.0,4.0,4.0,4.0,4.0,4.0,3.0,2.0,4.0,4.0,4.0,2.0,4.0,4.0,4.0,2.0,4.0,4.0,2.0,1.0,2.0,4.0,2.0,3.0,4.0,2.0,5.0,5.0,3.0,5.0,5.0
87959ef435c61f280e3402229c796940,5.0,5.0,5.0,5.0,5.0,5.0,5.0,5.0,5.0,5.0,5.0,5.0,4.0,5.0,5.0,5.0,5.0,5.0,5.0,2.0,5.0,5.0,5.0,3.0,5.0,5.0,2.0,5.0,5.0,5.0,5.0,5.0,5.0,3.0,5.0,5.0,4.0,2.0,1.0,1.0,5.0,1.0,5.0,3.0,5.0,5.0,5.0,4.0,3.0,3.0
dd48bc0174c3ca2370b0a49c2bd6fa82,2.0,4.0,4.0,3.0,4.0,2.0,2.0,4.0,4.0,2.0,4.0,4.0,2.0,4.0,2.0,2.0,2.0,2.0,2.0,3.0,3.0,4.0,4.0,4.0,2.0,2.0,3.0,3.0,4.0,3.0,3.0,3.0,3.0,3.0,3.0,3.0,4.0,3.0,2.0,2.0,3.0,2.0,4.0,4.0,2.0,3.0,3.0,3.0,3.0,3.0
bd47306d1ab10377783e37d4d363e482,4.0,4.0,4.0,3.0,4.0,4.0,4.0,3.0,3.0,4.0,3.0,4.0,3.0,3.0,3.0,3.0,3.0,3.0,3.0,3.0,3.0,3.0,3.0,3.0,3.0,3.0,3.0,3.0,3.0,3.0,3.0,3.0,3.0,3.0,3.0,3.0,4.0,2.0,2.0,2.0,4.0,2.0,4.0,3.0,2.0,3.0,3.0,3.0,3.0,3.0
c054e8c731029ce6d73c784213513b09,5.0,5.0,5.0,5.0,5.0,1.0,5.0,5.0,5.0,5.0,5.0,5.0,5.0,5.0,3.0,5.0,1.0,3.0,5.0,1.0,5.0,5.0,5.0,5.0,4.0,5.0,3.0,5.0,5.0,5.0,5.0,4.0,4.0,5.0,5.0,5.0,5.0,1.0,1.0,5.0,5.0,1.0,4.0,5.0,5.0,5.0,5.0,1.0,1.0,1.0
b2d48f67a089cc23fb2bc7729f8a2300,3.0,4.0,4.0,2.0,5.0,1.0,2.0,2.0,4.0,3.0,4.0,4.0,1.0,4.0,1.0,1.0,3.0,4.0,4.0,4.0,4.0,3.0,5.0,3.0,4.0,2.0,2.0,4.0,5.0,4.0,3.0,4.0,3.0,4.0,4.0,2.0,3.0,4.0,3.0,4.0,4.0,2.0,3.0,5.0,3.0,4.0,4.0,4.0,2.0,2.0
641eaeb08588407b37b1c2c109b59761,5.0,5.0,5.0,4.0,4.0,5.0,5.0,3.0,3.0,5.0,2.0,3.0,4.0,3.0,4.0,4.0,3.0,4.0,5.0,2.0,3.0,4.0,5.0,5.0,3.0,2.0,2.0,1.0,5.0,4.0,2.0,3.0,3.0,3.0,3.0,4.0,3.0,2.0,3.0,1.0,3.0,1.0,3.0,5.0,4.0,2.0,2.0,5.0,1.0,2.0
a8239825ce8e218cfb6a91964946d484,4.0,4.0,4.0,4.0,4.0,4.0,4.0,4.0,4.0,4.0,4.0,4.0,4.0,4.0,4.0,4.0,4.0,4.0,4.0,2.0,3.0,4.0,3.0,4.0,4.0,4.0,4.0,4.0,4.0,4.0,4.0,4.0,4.0,3.0,3.0,4.0,4.0,2.0,2.0,2.0,4.0,2.0,3.0,4.0,4.0,4.0,4.0,3.0,4.0,3.0
43f0e2e3fc7691c51613758e2b65928e,5.0,5.0,5.0,5.0,5.0,4.0,3.0,5.0,4.0,3.0,5.0,5.0,3.0,4.0,1.0,3.0,3.0,3.0,3.0,2.0,3.0,4.0,4.0,5.0,4.0,5.0,2.0,4.0,5.0,4.0,4.0,5.0,5.0,4.0,5.0,4.0,5.0,2.0,1.0,1.0,3.0,2.0,4.0,5.0,3.0,5.0,5.0,3.0,4.0,4.0
f8bb7ed0860701686be0bcaad12dcee6,5.0,5.0,5.0,5.0,5.0,5.0,5.0,5.0,3.0,4.0,5.0,5.0,3.0,5.0,3.0,3.0,5.0,5.0,3.0,3.0,3.0,3.0,5.0,5.0,3.0,5.0,1.0,5.0,5.0,4.0,3.0,5.0,3.0,3.0,5.0,4.0,5.0,1.0,3.0,1.0,5.0,1.0,5.0,5.0,1.0,1.0,1.0,1.0,1.0,1.0
a3891cc21e1dd0051caa212b95c928f0,2.0,3.0,3.0,3.0,4.0,3.0,2.0,1.0,2.0,2.0,4.0,4.0,2.0,2.0,2.0,2.0,2.0,2.0,3.0,4.0,2.0,2.0,2.0,2.0,2.0,2.0,2.0,2.0,2.0,2.0,2.0,2.0,2.0,4.0,2.0,3.0,5.0,4.0,4.0,2.0,3.0,4.0,3.0,4.0,2.0,5.0,5.0,2.0,5.0,4.0
a6a0726e8604766b4636749d9203842b,4.0,3.0,3.0,3.0,3.0,2.0,2.0,3.0,3.0,2.0,2.0,4.0,2.0,3.0,2.0,2.0,4.0,2.0,3.0,4.0,2.0,2.0,3.0,3.0,3.0,2.0,3.0,3.0,4.0,3.0,3.0,2.0,2.0,3.0,4.0,4.0,5.0,4.0,2.0,3.0,3.0,3.0,3.0,4.0,4.0,4.0,4.0,2.0,3.0,2.0
a23402a174a55c4211136df4425a724e,3.0,3.0,4.0,3.0,4.0,4.0,3.0,3.0,3.0,2.0,4.0,4.0,4.0,4.0,3.0,4.0,4.0,3.0,4.0,4.0,3.0,5.0,4.0,3.0,3.0,3.0,2.0,4.0,3.0,4.0,3.0,3.0,4.0,3.0,3.0,5.0,5.0,2.0,2.0,3.0,4.0,3.0,5.0,3.0,3.0,5.0,5.0,3.0,4.0,3.0
be9c58e4a639094d9f2c8bfec91afc16,4.0,5.0,5.0,5.0,2.0,4.0,4.0,4.0,5.0,4.0,5.0,5.0,3.0,5.0,3.0,3.0,5.0,4.0,2.0,4.0,4.0,4.0,4.0,2.0,4.0,4.0,4.0,5.0,4.0,4.0,2.0,4.0,2.0,5.0,2.0,2.0,4.0,1.0,1.0,3.0,4.0,4.0,4.0,4.0,2.0,5.0,2.0,4.0,1.0,1.0
acc2ce1e332284a8a55fb7e2fd8bf7c3,3.0,3.0,3.0,2.0,3.0,2.0,3.0,2.0,3.0,2.0,3.0,3.0,1.0,3.0,3.0,2.0,2.0,3.0,3.0,2.0,1.0,2.0,2.0,2.0,3.0,2.0,1.0,2.0,3.0,3.0,3.0,3.0,3.0,3.0,3.0,3.0,3.0,1.0,2.0,1.0,3.0,2.0,3.0,2.0,2.0,2.0,2.0,2.0,3.0,1.0
4e3519d7eafbfccdae231756fcf2ce9c,4.0,4.0,4.0,4.0,4.0,4.0,4.0,4.0,4.0,4.0,4.0,4.0,4.0,4.0,4.0,4.0,4.0,4.0,4.0,3.0,4.0,4.0,4.0,4.0,4.0,4.0,4.0,4.0,4.0,4.0,4.0,4.0,4.0,4.0,4.0,4.0,4.0,3.0,3.0,2.0,2.0,2.0,3.0,4.0,4.0,4.0,3.0,1.0,1.0,1.0
0307ea84b89fceab3b507fec1900ce7e,4.0,4.0,4.0,4.0,5.0,4.0,4.0,3.0,4.0,3.0,4.0,4.0,3.0,3.0,3.0,4.0,4.0,4.0,3.0,3.0,3.0,5.0,4.0,3.0,3.0,4.0,3.0,3.0,4.0,3.0,3.0,4.0,4.0,3.0,4.0,3.0,4.0,3.0,3.0,2.0,3.0,2.0,3.0,4.0,3.0,4.0,4.0,3.0,4.0,4.0
82641bcdf4d62d9f473022a2bee912d4,4.0,4.0,4.0,4.0,4.0,3.0,4.0,4.0,4.0,3.0,5.0,5.0,3.0,5.0,2.0,2.0,4.0,4.0,2.0,4.0,2.0,4.0,4.0,4.0,2.0,4.0,2.0,4.0,4.0,2.0,4.0,4.0,4.0,2.0,4.0,5.0,5.0,2.0,2.0,2.0,2.0,2.0,4.0,2.0,2.0,5.0,5.0,1.0,5.0,5.0
ef3a6cc38845548b4329271ac48d638d,2.0,2.0,2.0,2.0,2.0,3.0,3.0,2.0,2.0,3.0,2.0,3.0,2.0,3.0,2.0,3.0,4.0,3.0,2.0,4.0,2.0,2.0,2.0,2.0,2.0,4.0,4.0,3.0,3.0,4.0,2.0,2.0,2.0,4.0,2.0,2.0,4.0,3.0,2.0,3.0,4.0,3.0,4.0,1.0,2.0,5.0,5.0,2.0,5.0,5.0
c3b33b73130d1e4649f10117f7508195,3.0,3.0,4.0,4.0,4.0,4.0,4.0,3.0,3.0,4.0,3.0,3.0,3.0,3.0,4.0,4.0,3.0,4.0,4.0,3.0,3.0,3.0,4.0,3.0,3.0,3.0,2.0,3.0,3.0,3.0,3.0,4.0,3.0,2.0,3.0,3.0,3.0,3.0,2.0,2.0,3.0,2.0,3.0,3.0,3.0,3.0,3.0,3.0,3.0,3.0
6df42c634fbdd9f3c1a33219e89e4939,5.0,4.0,5.0,5.0,4.0,2.0,3.0,3.0,4.0,2.0,4.0,3.0,2.0,5.0,3.0,3.0,5.0,3.0,3.0,2.0,3.0,5.0,4.0,3.0,3.0,4.0,3.0,5.0,4.0,4.0,5.0,5.0,5.0,2.0,5.0,4.0,5.0,3.0,3.0,2.0,5.0,2.0,5.0,5.0,5.0,5.0,5.0,2.0,4.0,3.0
4f9f1b81a07e3a192853ab1099a68fca,4.0,4.0,4.0,3.0,3.0,2.0,2.0,4.0,4.0,3.0,4.0,4.0,3.0,4.0,2.0,3.0,3.0,4.0,3.0,2.0,3.0,3.0,3.0,4.0,3.0,3.0,3.0,4.0,4.0,3.0,3.0,4.0,4.0,3.0,4.0,4.0,5.0,2.0,1.0,2.0,5.0,4.0,4.0,4.0,2.0,5.0,5.0,4.0,5.0,3.0
25f9e794323b453885f5181f1b624d0b,5.0,5.0,5.0,5.0,5.0,5.0,5.0,5.0,5.0,5.0,5.0,5.0,5.0,5.0,5.0,5.0,5.0,5.0,5.0,5.0,5.0,5.0,5.0,5.0,5.0,5.0,5.0,5.0,5.0,5.0,5.0,5.0,5.0,5.0,5.0,5.0,5.0,5.0,5.0,5.0,5.0,5.0,5.0,5.0,5.0,5.0,5.0,5.0,5.0,5.0
af4a88df59c0df41ee7fca0ca57fba3a,4.0,3.0,4.0,3.0,3.0,3.0,3.0,3.0,3.0,3.0,4.0,4.0,2.0,4.0,2.0,3.0,2.0,3.0,3.0,2.0,1.0,3.0,3.0,2.0,3.0,2.0,2.0,2.0,3.0,2.0,2.0,3.0,2.0,3.0,3.0,3.0,3.0,2.0,2.0,2.0,3.0,2.0,3.0,3.0,2.0,3.0,3.0,2.0,3.0,2.0
9b430de7406c68bb31fd726c99ac3558,3.0,3.0,3.0,3.0,3.0,3.0,3.0,3.0,3.0,3.0,3.0,3.0,3.0,3.0,3.0,3.0,3.0,3.0,3.0,3.0,3.0,3.0,3.0,3.0,3.0,3.0,3.0,3.0,3.0,3.0,3.0,3.0,3.0,3.0,3.0,3.0,3.0,3.0,3.0,3.0,3.0,3.0,3.0,3.0,3.0,3.0,3.0,3.0,3.0,3.0
77174b6a21fc52977ea8a50f8e325beb,4.0,3.0,5.0,4.0,4.0,3.0,4.0,5.0,4.0,3.0,5.0,5.0,4.0,5.0,3.0,5.0,4.0,4.0,4.0,2.0,4.0,5.0,3.0,3.0,5.0,5.0,2.0,4.0,5.0,5.0,3.0,5.0,4.0,3.0,4.0,4.0,5.0,4.0,2.0,2.0,4.0,3.0,4.0,2.0,4.0,5.0,5.0,3.0,5.0,4.0
60085c119be41ce2a56c2576583d821c,4.0,3.0,3.0,4.0,3.0,5.0,5.0,5.0,3.0,5.0,5.0,5.0,4.0,4.0,4.0,4.0,3.0,4.0,4.0,3.0,3.0,4.0,3.0,4.0,3.0,4.0,2.0,3.0,4.0,4.0,3.0,4.0,4.0,2.0,4.0,4.0,4.0,2.0,4.0,3.0,4.0,2.0,4.0,4.0,4.0,4.0,4.0,4.0,4.0,2.0
3750e5317d2967d407e66236ad3b7ab5,4.0,4.0,5.0,4.0,4.0,4.0,3.0,3.0,3.0,3.0,4.0,4.0,3.0,4.0,3.0,4.0,3.0,4.0,3.0,3.0,2.0,3.0,4.0,3.0,2.0,3.0,2.0,3.0,5.0,3.0,3.0,3.0,2.0,3.0,3.0,5.0,4.0,3.0,2.0,2.0,3.0,3.0,3.0,4.0,3.0,3.0,3.0,5.0,4.0,3.0
32e7400bb54ff66588587d2f2b1b22c2,5.0,5.0,5.0,5.0,5.0,5.0,5.0,5.0,5.0,5.0,5.0,5.0,5.0,5.0,5.0,5.0,5.0,5.0,5.0,5.0,5.0,5.0,5.0,5.0,5.0,4.0,2.0,5.0,5.0,5.0,5.0,5.0,5.0,5.0,5.0,5.0,5.0,1.0,1.0,5.0,5.0,3.0,4.0,5.0,5.0,5.0,5.0,5.0,5.0,5.0
8b1862b185a8d8e375ab781e55e3c39a,5.0,5.0,5.0,4.0,4.0,5.0,4.0,5.0,5.0,5.0,5.0,4.0,5.0,4.0,5.0,5.0,4.0,5.0,4.0,5.0,5.0,4.0,4.0,5.0,4.0,5.0,4.0,5.0,4.0,5.0,4.0,5.0,4.0,5.0,4.0,5.0,5.0,4.0,5.0,2.0,5.0,2.0,5.0,5.0,3.0,4.0,4.0,5.0,5.0,5.0
9879db96946fbb8a3e255ab8815c577e,5.0,5.0,5.0,5.0,5.0,5.0,5.0,5.0,5.0,5.0,5.0,5.0,5.0,5.0,5.0,5.0,5.0,5.0,5.0,4.0,4.0,5.0,4.0,4.0,4.0,4.0,4.0,5.0,4.0,4.0,4.0,4.0,3.0,4.0,4.0,4.0,4.0,4.0,4.0,4.0,4.0,4.0,4.0,4.0,4.0,4.0,4.0,3.0,3.0,3.0
ef64bcdb755a678ecea401b713fee614,4.0,4.0,5.0,5.0,4.0,2.0,4.0,4.0,3.0,4.0,4.0,4.0,1.0,4.0,3.0,4.0,4.0,2.0,4.0,3.0,4.0,4.0,3.0,4.0,4.0,3.0,2.0,4.0,5.0,2.0,4.0,4.0,3.0,2.0,3.0,4.0,5.0,2.0,2.0,4.0,4.0,2.0,5.0,5.0,1.0,2.0,2.0,4.0,1.0,3.0
6ae71a054e9a503a1f0950de131833a2,4.0,5.0,4.0,4.0,5.0,3.0,3.0,5.0,5.0,4.0,5.0,5.0,5.0,5.0,3.0,4.0,4.0,4.0,4.0,2.0,3.0,4.0,3.0,4.0,4.0,3.0,2.0,5.0,5.0,5.0,5.0,5.0,4.0,2.0,5.0,3.0,5.0,4.0,2.0,3.0,5.0,2.0,4.0,5.0,4.0,5.0,5.0,3.0,3.0,3.0
1d6a9b03150137d40a4b024518aa0fa6,4.0,3.0,4.0,4.0,5.0,2.0,1.0,2.0,4.0,4.0,5.0,5.0,2.0,5.0,2.0,2.0,3.0,4.0,4.0,2.0,1.0,1.0,4.0,4.0,2.0,4.0,3.0,4.0,2.0,4.0,3.0,3.0,4.0,1.0,2.0,3.0,5.0,1.0,3.0,2.0,3.0,3.0,2.0,4.0,3.0,3.0,3.0,2.0,2.0,2.0
f79d398d62d5eaff8d7b1f9f6aaf65ab,4.0,4.0,5.0,4.0,5.0,4.0,4.0,5.0,5.0,4.0,4.0,5.0,3.0,4.0,3.0,4.0,4.0,4.0,4.0,3.0,3.0,4.0,4.0,3.0,4.0,4.0,1.0,4.0,4.0,3.0,4.0,4.0,4.0,2.0,4.0,4.0,4.0,2.0,2.0,2.0,3.0,1.0,4.0,5.0,4.0,4.0,4.0,3.0,2.0,2.0
f0c4f08113a2bc5a9275dd881c616a92,3.0,3.0,3.0,3.0,2.0,2.0,2.0,3.0,3.0,2.0,3.0,3.0,3.0,3.0,3.0,4.0,3.0,2.0,2.0,3.0,2.0,3.0,3.0,2.0,3.0,3.0,3.0,3.0,4.0,2.0,2.0,4.0,3.0,3.0,3.0,3.0,4.0,2.0,2.0,3.0,4.0,3.0,3.0,4.0,4.0,4.0,4.0,2.0,3.0,3.0
7359eff18cfd86cf045a149530e26627,3.0,3.0,4.0,4.0,3.0,2.0,2.0,2.0,3.0,1.0,4.0,4.0,2.0,4.0,3.0,4.0,4.0,4.0,4.0,3.0,3.0,3.0,3.0,3.0,3.0,3.0,2.0,3.0,4.0,3.0,3.0,3.0,3.0,2.0,2.0,3.0,3.0,2.0,2.0,2.0,4.0,4.0,4.0,4.0,4.0,4.0,2.0,4.0,4.0,4.0
4e4fc034dea12369dc5de555ad478a07,4.0,3.0,4.0,3.0,4.0,4.0,5.0,2.0,4.0,4.0,4.0,4.0,3.0,4.0,2.0,4.0,4.0,4.0,4.0,2.0,2.0,4.0,4.0,4.0,2.0,2.0,2.0,4.0,4.0,3.0,3.0,4.0,3.0,3.0,4.0,4.0,2.0,2.0,2.0,1.0,3.0,2.0,3.0,4.0,2.0,4.0,4.0,4.0,4.0,4.0
d5a1f82d20610cfc2ee2df22e16ad238,4.0,5.0,5.0,3.0,4.0,3.0,4.0,3.0,4.0,3.0,5.0,5.0,3.0,4.0,2.0,4.0,4.0,3.0,4.0,3.0,2.0,4.0,4.0,2.0,4.0,3.0,2.0,3.0,4.0,2.0,2.0,2.0,2.0,3.0,2.0,4.0,5.0,2.0,2.0,2.0,3.0,2.0,3.0,4.0,2.0,2.0,2.0,1.0,1.0,1.0
e4f677ad43c84ada8abc579c6abf9aee,5.0,4.0,4.0,4.0,5.0,5.0,5.0,4.0,4.0,4.0,4.0,4.0,3.0,4.0,4.0,4.0,4.0,4.0,4.0,5.0,4.0,3.0,4.0,3.0,3.0,4.0,2.0,4.0,4.0,4.0,4.0,4.0,3.0,4.0,3.0,4.0,4.0,2.0,2.0,1.0,1.0,1.0,5.0,5.0,5.0,5.0,5.0,3.0,1.0,1.0
a2dc2d0036c53b22cb9fb6bc280809f5,4.0,3.0,5.0,5.0,3.0,4.0,4.0,4.0,4.0,4.0,4.0,4.0,4.0,4.0,4.0,4.0,4.0,4.0,4.0,4.0,4.0,4.0,5.0,5.0,4.0,3.0,5.0,4.0,3.0,5.0,4.0,5.0,2.0,5.0,5.0,4.0,5.0,1.0,3.0,2.0,5.0,1.0,5.0,4.0,5.0,5.0,5.0,2.0,4.0,1.0
65e452ca8afdf0ba6a8cbc4af63da728,2.0,2.0,3.0,3.0,4.0,3.0,3.0,3.0,2.0,3.0,2.0,4.0,1.0,1.0,3.0,4.0,4.0,3.0,4.0,5.0,3.0,4.0,5.0,2.0,3.0,3.0,2.0,2.0,4.0,3.0,3.0,1.0,3.0,4.0,1.0,4.0,4.0,5.0,1.0,2.0,4.0,1.0,3.0,5.0,1.0,5.0,5.0,2.0,4.0,1.0
995eae68fe66f02aa88128425cc87e81,4.0,4.0,3.0,4.0,5.0,4.0,4.0,3.0,4.0,4.0,4.0,5.0,3.0,3.0,3.0,3.0,2.0,4.0,4.0,4.0,3.0,5.0,4.0,3.0,3.0,4.0,3.0,4.0,5.0,4.0,4.0,4.0,4.0,3.0,4.0,3.0,4.0,2.0,3.0,3.0,4.0,2.0,4.0,3.0,3.0,5.0,5.0,5.0,3.0,3.0
0c7b9053af0850d3eaa8b61de50a26cd,5.0,5.0,5.0,5.0,5.0,5.0,5.0,5.0,5.0,5.0,5.0,5.0,5.0,5.0,5.0,5.0,5.0,5.0,5.0,2.0,3.0,5.0,5.0,5.0,5.0,4.0,1.0,5.0,5.0,5.0,5.0,5.0,5.0,1.0,4.0,5.0,5.0,1.0,2.0,1.0,5.0,1.0,5.0,5.0,5.0,5.0,5.0,5.0,5.0,4.0
3d2fd5b219300a9aee7b21887a24c539,5.0,4.0,5.0,5.0,5.0,5.0,5.0,5.0,5.0,5.0,3.0,5.0,3.0,5.0,5.0,5.0,5.0,5.0,5.0,2.0,3.0,5.0,5.0,4.0,4.0,5.0,1.0,3.0,5.0,4.0,5.0,5.0,5.0,2.0,4.0,5.0,5.0,2.0,2.0,2.0,5.0,1.0,5.0,5.0,5.0,5.0,3.0,2.0,1.0,1.0
b3544e076d49acb0dd2af969419895f0,4.0,4.0,3.0,3.0,2.0,4.0,4.0,5.0,4.0,4.0,3.0,5.0,3.0,3.0,2.0,3.0,4.0,4.0,2.0,5.0,2.0,4.0,4.0,4.0,2.0,3.0,3.0,4.0,5.0,5.0,2.0,2.0,3.0,3.0,1.0,4.0,2.0,2.0,2.0,3.0,4.0,2.0,2.0,5.0,2.0,5.0,5.0,3.0,5.0,3.0
320c71e05fde5152c26575798bfeb953,5.0,5.0,5.0,5.0,5.0,5.0,5.0,5.0,5.0,5.0,5.0,5.0,5.0,5.0,4.0,5.0,5.0,4.0,5.0,2.0,4.0,5.0,4.0,4.0,3.0,4.0,1.0,5.0,5.0,5.0,5.0,5.0,5.0,3.0,4.0,4.0,5.0,1.0,1.0,1.0,5.0,1.0,5.0,5.0,3.0,5.0,5.0,4.0,5.0,5.0
92f1d409e9283fc62ebc7d59279f15c3,3.0,3.0,3.0,3.0,4.0,3.0,3.0,3.0,3.0,3.0,4.0,4.0,3.0,4.0,3.0,3.0,3.0,3.0,3.0,3.0,3.0,3.0,3.0,3.0,3.0,3.0,3.0,3.0,3.0,3.0,3.0,3.0,3.0,3.0,3.0,3.0,3.0,3.0,2.0,2.0,3.0,3.0,3.0,3.0,3.0,3.0,2.0,2.0,3.0,3.0
5d83718570cad6c421fc5c9e9b80159e,3.0,3.0,3.0,3.0,3.0,3.0,3.0,3.0,3.0,3.0,3.0,3.0,3.0,3.0,2.0,2.0,2.0,2.0,2.0,2.0,2.0,2.0,2.0,2.0,2.0,2.0,2.0,2.0,2.0,2.0,2.0,2.0,2.0,2.0,2.0,2.0,2.0,2.0,2.0,2.0,2.0,2.0,2.0,2.0,2.0,2.0,2.0,2.0,2.0,2.0
98a2576c48530076abcaf557f266efd9,4.0,4.0,4.0,4.0,3.0,5.0,3.0,5.0,5.0,4.0,5.0,5.0,2.0,2.0,3.0,4.0,4.0,3.0,3.0,1.0,1.0,1.0,4.0,3.0,2.0,5.0,1.0,1.0,3.0,2.0,3.0,5.0,3.0,2.0,2.0,3.0,5.0,3.0,1.0,1.0,3.0,1.0,3.0,4.0,3.0,5.0,1.0,3.0,1.0,1.0
5104564f160fb05b4b79bbdb09c03c4f,5.0,4.0,5.0,4.0,3.0,3.0,3.0,5.0,3.0,3.0,4.0,5.0,4.0,4.0,3.0,4.0,4.0,4.0,4.0,3.0,2.0,4.0,4.0,2.0,2.0,2.0,1.0,3.0,4.0,4.0,4.0,4.0,4.0,4.0,4.0,4.0,4.0,2.0,1.0,1.0,1.0,2.0,3.0,4.0,3.0,4.0,4.0,4.0,4.0,2.0
3723be496725be52bc640fd39aea51e6,4.0,3.0,4.0,4.0,4.0,4.0,4.0,2.0,3.0,4.0,3.0,4.0,2.0,3.0,3.0,4.0,2.0,2.0,2.0,5.0,2.0,4.0,4.0,1.0,4.0,5.0,3.0,3.0,4.0,1.0,3.0,2.0,2.0,3.0,4.0,5.0,5.0,5.0,3.0,3.0,1.0,3.0,3.0,3.0,4.0,2.0,2.0,2.0,2.0,2.0
b7848fb18dbf386464e7cb7c37758241,3.0,4.0,4.0,4.0,3.0,4.0,3.0,4.0,3.0,4.0,4.0,4.0,2.0,4.0,3.0,3.0,3.0,3.0,3.0,3.0,3.0,3.0,4.0,4.0,3.0,3.0,2.0,3.0,3.0,3.0,3.0,4.0,4.0,2.0,4.0,3.0,3.0,2.0,2.0,2.0,3.0,2.0,3.0,3.0,3.0,4.0,4.0,2.0,2.0,2.0
02d679ad650962b6ae8bf8adbeeb33c1,3.0,3.0,4.0,3.0,3.0,3.0,3.0,3.0,3.0,3.0,3.0,3.0,3.0,3.0,3.0,3.0,3.0,3.0,3.0,3.0,3.0,3.0,3.0,3.0,3.0,3.0,3.0,3.0,3.0,3.0,3.0,3.0,3.0,3.0,3.0,3.0,3.0,3.0,3.0,3.0,3.0,3.0,3.0,3.0,3.0,3.0,3.0,3.0,3.0,3.0
cb75e24ff92bb3f07f0051b945d5295b,4.0,4.0,4.0,4.0,4.0,4.0,4.0,3.0,4.0,3.0,4.0,4.0,3.0,4.0,3.0,4.0,3.0,3.0,3.0,2.0,3.0,3.0,3.0,3.0,3.0,4.0,3.0,3.0,4.0,3.0,3.0,4.0,4.0,3.0,3.0,4.0,5.0,3.0,1.0,2.0,3.0,2.0,4.0,3.0,3.0,4.0,4.0,4.0,4.0,4.0
579c29c5407ed999b692374653d25a61,4.0,3.0,4.0,3.0,5.0,4.0,4.0,2.0,3.0,4.0,3.0,5.0,1.0,3.0,3.0,4.0,3.0,4.0,4.0,3.0,3.0,4.0,4.0,2.0,4.0,3.0,1.0,3.0,4.0,3.0,1.0,3.0,3.0,2.0,4.0,4.0,4.0,1.0,1.0,2.0,4.0,3.0,2.0,4.0,1.0,4.0,3.0,3.0,2.0,2.0
93229bfed1b03a573e6139c21fc4e5c7,3.0,3.0,4.0,4.0,4.0,4.0,4.0,4.0,3.0,4.0,4.0,3.0,4.0,3.0,5.0,4.0,4.0,4.0,4.0,4.0,3.0,3.0,5.0,3.0,5.0,3.0,3.0,4.0,5.0,4.0,3.0,3.0,4.0,3.0,4.0,3.0,4.0,4.0,3.0,3.0,3.0,3.0,3.0,3.0,3.0,3.0,3.0,3.0,3.0,3.0
f1641addf883c1130a801d06d07eef4c,4.0,4.0,4.0,4.0,4.0,4.0,3.0,4.0,2.0,4.0,3.0,3.0,2.0,4.0,3.0,4.0,3.0,3.0,3.0,2.0,3.0,4.0,3.0,2.0,4.0,4.0,3.0,3.0,4.0,4.0,4.0,4.0,4.0,5.0,3.0,3.0,5.0,1.0,2.0,1.0,5.0,2.0,5.0,4.0,2.0,5.0,5.0,3.0,3.0,3.0
52de7db1d670939f4381ac9c9e0e4f38,3.0,3.0,4.0,2.0,3.0,4.0,4.0,4.0,2.0,4.0,4.0,4.0,4.0,3.0,4.0,4.0,2.0,1.0,1.0,1.0,2.0,3.0,3.0,3.0,3.0,4.0,5.0,3.0,4.0,3.0,3.0,4.0,5.0,4.0,5.0,4.0,4.0,3.0,5.0,4.0,3.0,4.0,2.0,2.0,3.0,3.0,2.0,2.0,2.0,2.0
c2e15430ed832457c780c948b21c37ec,5.0,4.0,5.0,5.0,3.0,3.0,4.0,2.0,4.0,5.0,5.0,5.0,1.0,4.0,2.0,4.0,3.0,4.0,4.0,5.0,3.0,5.0,4.0,5.0,2.0,4.0,1.0,4.0,4.0,5.0,4.0,4.0,4.0,2.0,5.0,4.0,4.0,4.0,1.0,3.0,3.0,2.0,3.0,4.0,4.0,5.0,4.0,5.0,5.0,5.0
3e5fd8ec3f352d90ff3906ae403ebeac,5.0,5.0,3.0,5.0,5.0,3.0,4.0,4.0,5.0,4.0,5.0,4.0,3.0,4.0,3.0,3.0,4.0,4.0,4.0,3.0,3.0,4.0,4.0,5.0,3.0,4.0,2.0,4.0,4.0,4.0,5.0,5.0,4.0,3.0,4.0,5.0,5.0,1.0,1.0,1.0,4.0,2.0,4.0,4.0,4.0,5.0,4.0,5.0,3.0,2.0
6f07da24588ef7be16618bbe848d2aa6,4.0,4.0,4.0,4.0,4.0,4.0,4.0,4.0,4.0,4.0,4.0,4.0,4.0,4.0,4.0,4.0,4.0,4.0,4.0,2.0,3.0,4.0,4.0,4.0,3.0,4.0,2.0,4.0,4.0,4.0,4.0,4.0,4.0,2.0,4.0,4.0,5.0,2.0,1.0,1.0,4.0,2.0,4.0,5.0,3.0,4.0,5.0,4.0,5.0,4.0
7ba601138e531ca65131aaafdd0b0fca,3.0,3.0,4.0,4.0,4.0,4.0,4.0,1.0,4.0,5.0,1.0,1.0,1.0,1.0,1.0,3.0,3.0,3.0,3.0,5.0,4.0,4.0,4.0,4.0,4.0,4.0,1.0,4.0,4.0,4.0,4.0,4.0,4.0,4.0,4.0,4.0,1.0,1.0,1.0,1.0,1.0,3.0,1.0,3.0,3.0,3.0,2.0,1.0,1.0,3.0
321fe53fdc9f70e4d17930e03cbd49e7,4.0,4.0,4.0,4.0,4.0,4.0,4.0,4.0,4.0,4.0,4.0,4.0,4.0,4.0,4.0,4.0,4.0,4.0,4.0,2.0,4.0,4.0,4.0,4.0,4.0,4.0,4.0,4.0,4.0,4.0,4.0,4.0,4.0,2.0,4.0,4.0,4.0,2.0,2.0,2.0,4.0,2.0,4.0,4.0,2.0,4.0,4.0,4.0,4.0,4.0
f83882e0705489c3c0514fe226fdda4f,4.0,4.0,5.0,5.0,5.0,5.0,5.0,3.0,4.0,4.0,3.0,3.0,2.0,3.0,5.0,5.0,3.0,4.0,4.0,3.0,2.0,4.0,3.0,2.0,4.0,3.0,2.0,4.0,4.0,3.0,4.0,5.0,4.0,2.0,4.0,4.0,4.0,3.0,2.0,1.0,4.0,2.0,4.0,5.0,2.0,1.0,1.0,2.0,1.0,1.0
d5d6ef4cf638f306e8948582b7662c45,4.0,4.0,4.0,4.0,5.0,4.0,4.0,4.0,5.0,3.0,5.0,5.0,5.0,5.0,2.0,5.0,4.0,5.0,5.0,1.0,2.0,4.0,4.0,3.0,3.0,4.0,1.0,5.0,5.0,5.0,5.0,5.0,5.0,1.0,3.0,5.0,5.0,1.0,1.0,1.0,2.0,1.0,2.0,5.0,4.0,4.0,4.0,4.0,3.0,4.0
97ff350207ca6a952e2b62129e0549f0,4.0,4.0,4.0,4.0,5.0,2.0,2.0,2.0,4.0,2.0,5.0,5.0,4.0,4.0,3.0,4.0,3.0,5.0,4.0,3.0,2.0,4.0,3.0,1.0,3.0,3.0,3.0,3.0,4.0,2.0,3.0,4.0,3.0,3.0,4.0,4.0,3.0,3.0,2.0,3.0,4.0,3.0,2.0,4.0,1.0,5.0,5.0,1.0,5.0,4.0
76fa75f0e9cd794207dda975ca84dfb3,4.0,4.0,4.0,3.0,5.0,4.0,5.0,4.0,4.0,5.0,5.0,5.0,3.0,5.0,4.0,4.0,4.0,4.0,4.0,3.0,3.0,5.0,4.0,4.0,4.0,5.0,2.0,3.0,5.0,3.0,3.0,4.0,4.0,3.0,5.0,5.0,5.0,1.0,1.0,1.0,5.0,3.0,5.0,4.0,5.0,5.0,5.0,4.0,5.0,4.0
8e72970e2fdad1fa564d800ba15d72c4,3.0,4.0,4.0,4.0,4.0,4.0,4.0,4.0,4.0,4.0,2.0,4.0,4.0,2.0,2.0,3.0,3.0,2.0,4.0,2.0,2.0,4.0,4.0,4.0,2.0,3.0,3.0,3.0,4.0,4.0,2.0,4.0,4.0,3.0,1.0,4.0,5.0,2.0,1.0,2.0,5.0,2.0,4.0,5.0,4.0,4.0,3.0,1.0,1.0,1.0
cdac3b51658dd26dd9cb7a70260f9af5,4.0,3.0,4.0,4.0,5.0,3.0,5.0,3.0,4.0,4.0,3.0,3.0,4.0,3.0,1.0,3.0,3.0,4.0,4.0,2.0,3.0,3.0,3.0,2.0,3.0,2.0,1.0,2.0,5.0,3.0,3.0,5.0,5.0,5.0,5.0,5.0,5.0,2.0,1.0,1.0,3.0,1.0,3.0,2.0,2.0,4.0,4.0,3.0,3.0,3.0
d21e4243dd618580580846f676c2b85a,4.0,4.0,4.0,4.0,5.0,4.0,5.0,5.0,4.0,5.0,3.0,4.0,5.0,4.0,4.0,5.0,4.0,4.0,5.0,3.0,3.0,4.0,4.0,3.0,4.0,4.0,2.0,4.0,4.0,3.0,3.0,4.0,3.0,3.0,4.0,4.0,4.0,4.0,3.0,2.0,4.0,2.0,4.0,4.0,3.0,5.0,5.0,3.0,5.0,3.0
64d3bd3b339f63a66b8c878b561551d8,5.0,5.0,4.0,3.0,5.0,3.0,5.0,3.0,3.0,1.0,3.0,3.0,3.0,3.0,1.0,4.0,5.0,3.0,4.0,1.0,1.0,4.0,4.0,2.0,4.0,1.0,5.0,5.0,5.0,4.0,3.0,4.0,3.0,5.0,2.0,4.0,4.0,2.0,2.0,4.0,5.0,4.0,5.0,4.0,1.0,4.0,5.0,1.0,1.0,4.0
59d4d32d1adaab3ed5ecbf5ca9d728ca,3.0,3.0,5.0,5.0,5.0,5.0,5.0,4.0,5.0,5.0,3.0,5.0,2.0,4.0,5.0,5.0,5.0,5.0,5.0,4.0,3.0,3.0,4.0,3.0,3.0,4.0,1.0,2.0,5.0,2.0,2.0,5.0,5.0,5.0,3.0,3.0,3.0,2.0,1.0,2.0,5.0,1.0,2.0,4.0,4.0,5.0,5.0,1.0,1.0,1.0
ea04e6e76c69e6d96f084a5a54770688,4.0,4.0,4.0,4.0,4.0,4.0,4.0,4.0,4.0,4.0,4.0,4.0,4.0,4.0,4.0,4.0,3.0,4.0,4.0,2.0,4.0,4.0,4.0,4.0,4.0,4.0,3.0,3.0,,4.0,4.0,3.0,4.0,3.0,3.0,3.0,4.0,4.0,4.0,4.0,4.0,3.0,4.0,3.0,4.0,4.0,4.0,2.0,3.0,3.0
f2f24051b519e7d15fd74ed33cdb6525,3.0,3.0,4.0,4.0,4.0,4.0,4.0,4.0,4.0,4.0,4.0,4.0,4.0,4.0,4.0,4.0,4.0,4.0,4.0,3.0,3.0,3.0,4.0,4.0,4.0,4.0,3.0,4.0,4.0,4.0,4.0,4.0,4.0,3.0,3.0,3.0,4.0,2.0,3.0,2.0,3.0,2.0,3.0,2.0,4.0,4.0,4.0,3.0,3.0,3.0
a5b8d98aa354c067a53ec0d55a2ae574,3.0,3.0,4.0,4.0,3.0,4.0,4.0,4.0,4.0,4.0,4.0,3.0,3.0,4.0,4.0,4.0,4.0,4.0,4.0,3.0,4.0,3.0,4.0,4.0,4.0,4.0,2.0,4.0,4.0,4.0,4.0,4.0,3.0,2.0,4.0,3.0,5.0,3.0,3.0,3.0,4.0,3.0,4.0,2.0,4.0,4.0,4.0,3.0,3.0,3.0
43614526a6c8258926cdad20e022d95b,4.0,4.0,4.0,4.0,5.0,3.0,4.0,4.0,3.0,4.0,4.0,4.0,4.0,4.0,5.0,4.0,5.0,5.0,4.0,3.0,4.0,5.0,4.0,3.0,4.0,4.0,2.0,3.0,4.0,4.0,3.0,5.0,3.0,2.0,2.0,4.0,5.0,3.0,3.0,4.0,4.0,4.0,4.0,1.0,5.0,5.0,5.0,3.0,3.0,3.0
681a2ee5f3fe039c1d403fccb58a3a67,4.0,4.0,4.0,4.0,4.0,4.0,4.0,4.0,4.0,4.0,4.0,4.0,4.0,4.0,3.0,4.0,4.0,4.0,4.0,3.0,4.0,4.0,4.0,4.0,4.0,3.0,3.0,4.0,4.0,4.0,4.0,4.0,4.0,2.0,4.0,4.0,4.0,3.0,3.0,3.0,4.0,3.0,4.0,3.0,4.0,4.0,4.0,3.0,3.0,4.0
cdbfa9161999c800653297110253d07b,3.0,4.0,4.0,4.0,4.0,4.0,4.0,4.0,,4.0,4.0,4.0,4.0,4.0,3.0,4.0,5.0,3.0,4.0,3.0,4.0,4.0,4.0,4.0,3.0,4.0,3.0,4.0,4.0,3.0,4.0,5.0,4.0,2.0,5.0,2.0,3.0,2.0,2.0,3.0,4.0,3.0,3.0,3.0,4.0,4.0,5.0,1.0,2.0,1.0
db04bd43a582bcefbe45a3fbe99c83e4,4.0,3.0,3.0,4.0,4.0,4.0,4.0,3.0,4.0,4.0,4.0,3.0,3.0,4.0,5.0,4.0,4.0,4.0,5.0,3.0,4.0,4.0,4.0,4.0,4.0,4.0,5.0,4.0,4.0,4.0,4.0,5.0,5.0,3.0,4.0,5.0,5.0,3.0,4.0,5.0,4.0,5.0,4.0,1.0,4.0,4.0,4.0,3.0,3.0,3.0
cbee50df44af40b3865afd033d2e2fd2,3.0,3.0,3.0,3.0,4.0,3.0,4.0,3.0,3.0,4.0,3.0,4.0,3.0,3.0,3.0,3.0,4.0,4.0,4.0,3.0,3.0,4.0,3.0,2.0,2.0,3.0,3.0,1.0,4.0,3.0,4.0,3.0,3.0,3.0,5.0,4.0,5.0,4.0,2.0,4.0,4.0,4.0,4.0,2.0,3.0,4.0,2.0,2.0,1.0,1.0
3e7fcab5c8f636064e5b25c6abacb4bf,4.0,4.0,4.0,4.0,4.0,3.0,4.0,3.0,4.0,4.0,3.0,4.0,4.0,4.0,4.0,4.0,4.0,4.0,4.0,3.0,4.0,3.0,4.0,4.0,4.0,4.0,3.0,4.0,4.0,3.0,3.0,4.0,4.0,3.0,4.0,4.0,5.0,3.0,3.0,4.0,4.0,4.0,4.0,2.0,4.0,4.0,4.0,3.0,3.0,4.0
92fcd7a854eb341782743e532e0a7914,4.0,3.0,4.0,4.0,4.0,4.0,4.0,4.0,4.0,4.0,4.0,4.0,4.0,4.0,4.0,4.0,4.0,4.0,4.0,2.0,5.0,5.0,4.0,5.0,5.0,5.0,4.0,4.0,4.0,4.0,4.0,3.0,4.0,4.0,4.0,4.0,5.0,4.0,5.0,5.0,4.0,4.0,5.0,2.0,4.0,4.0,5.0,4.0,4.0,4.0
6c8d0f74f8332323d0e46da1ec7d9afd,4.0,4.0,4.0,4.0,4.0,4.0,4.0,4.0,4.0,4.0,4.0,4.0,4.0,4.0,4.0,4.0,4.0,4.0,4.0,3.0,4.0,4.0,4.0,4.0,4.0,4.0,3.0,3.0,4.0,4.0,3.0,4.0,4.0,3.0,4.0,4.0,4.0,3.0,3.0,4.0,4.0,3.0,4.0,2.0,4.0,4.0,4.0,4.0,4.0,4.0
bbe1e5cbf6a295ea505116e51e54826c,3.0,3.0,4.0,4.0,4.0,4.0,4.0,4.0,4.0,4.0,3.0,4.0,4.0,4.0,3.0,3.0,3.0,4.0,4.0,2.0,3.0,4.0,3.0,3.0,4.0,4.0,2.0,3.0,4.0,2.0,3.0,3.0,4.0,1.0,4.0,5.0,5.0,2.0,3.0,2.0,4.0,2.0,4.0,3.0,3.0,5.0,5.0,5.0,5.0,5.0
9e4aed84a5c53a17c29d570ac527ce0a,3.0,4.0,4.0,3.0,5.0,3.0,4.0,4.0,4.0,4.0,4.0,4.0,3.0,4.0,4.0,4.0,4.0,4.0,4.0,3.0,3.0,4.0,4.0,3.0,3.0,4.0,3.0,4.0,4.0,3.0,4.0,3.0,4.0,2.0,3.0,4.0,5.0,4.0,3.0,4.0,4.0,3.0,4.0,2.0,4.0,5.0,5.0,5.0,5.0,4.0
25530cbca34fd5b1afc5a985147c66e1,4.0,3.0,5.0,4.0,4.0,4.0,4.0,3.0,4.0,4.0,4.0,4.0,4.0,4.0,4.0,4.0,4.0,4.0,4.0,3.0,4.0,4.0,4.0,4.0,4.0,4.0,3.0,4.0,4.0,4.0,4.0,4.0,4.0,3.0,3.0,4.0,4.0,4.0,3.0,3.0,3.0,3.0,4.0,3.0,4.0,4.0,4.0,4.0,4.0,4.0
80be0f3478e6b7602d439c9c92b4f62a,4.0,3.0,4.0,4.0,4.0,3.0,4.0,3.0,3.0,4.0,3.0,3.0,3.0,4.0,3.0,3.0,4.0,4.0,3.0,3.0,3.0,4.0,3.0,3.0,3.0,4.0,3.0,3.0,3.0,2.0,3.0,4.0,3.0,3.0,4.0,4.0,4.0,3.0,3.0,3.0,4.0,3.0,4.0,4.0,4.0,4.0,4.0,4.0,4.0,3.0
48245f5393e9819cc5465f00ad214e1b,4.0,4.0,4.0,4.0,4.0,4.0,4.0,2.0,3.0,4.0,3.0,4.0,5.0,4.0,4.0,4.0,4.0,4.0,4.0,3.0,4.0,4.0,3.0,4.0,3.0,4.0,3.0,3.0,4.0,4.0,4.0,4.0,4.0,3.0,4.0,3.0,4.0,4.0,2.0,4.0,3.0,4.0,3.0,4.0,4.0,5.0,5.0,3.0,4.0,1.0
a457518f33a1a7e9d835c28bfe66327a,5.0,5.0,5.0,5.0,4.0,4.0,4.0,4.0,5.0,5.0,4.0,4.0,3.0,5.0,3.0,4.0,3.0,3.0,4.0,4.0,4.0,4.0,4.0,5.0,4.0,5.0,4.0,4.0,5.0,4.0,4.0,5.0,4.0,3.0,3.0,4.0,5.0,5.0,5.0,5.0,5.0,4.0,5.0,3.0,5.0,5.0,4.0,2.0,3.0,4.0
aadaf0561ac7e45616f1357840107e96,4.0,3.0,4.0,3.0,4.0,4.0,4.0,2.0,4.0,4.0,4.0,4.0,4.0,4.0,5.0,5.0,4.0,5.0,5.0,1.0,5.0,4.0,4.0,3.0,4.0,4.0,4.0,3.0,4.0,4.0,3.0,3.0,3.0,1.0,3.0,3.0,3.0,2.0,4.0,3.0,3.0,4.0,3.0,2.0,4.0,5.0,5.0,4.0,3.0,3.0
d8a7f0e703428eb3c7fcfdc093dc4e61,4.0,3.0,4.0,4.0,3.0,3.0,4.0,4.0,4.0,4.0,4.0,3.0,2.0,4.0,3.0,4.0,3.0,4.0,3.0,2.0,4.0,3.0,3.0,3.0,2.0,2.0,2.0,3.0,3.0,3.0,3.0,3.0,3.0,3.0,4.0,3.0,4.0,3.0,2.0,2.0,3.0,2.0,3.0,3.0,4.0,4.0,4.0,3.0,4.0,3.0
798c80d80b22180369817438da6533fc,4.0,3.0,3.0,4.0,3.0,5.0,5.0,4.0,4.0,3.0,3.0,4.0,4.0,4.0,4.0,3.0,4.0,4.0,4.0,3.0,3.0,3.0,5.0,3.0,4.0,5.0,3.0,4.0,4.0,3.0,3.0,4.0,3.0,3.0,4.0,5.0,4.0,2.0,3.0,4.0,4.0,4.0,4.0,2.0,4.0,4.0,4.0,4.0,4.0,4.0
f8497771742a7af3d98553098582bd34,4.0,4.0,4.0,4.0,4.0,3.0,3.0,4.0,4.0,4.0,4.0,4.0,4.0,4.0,3.0,4.0,4.0,3.0,2.0,4.0,4.0,4.0,4.0,4.0,4.0,4.0,4.0,4.0,4.0,3.0,4.0,4.0,4.0,4.0,4.0,4.0,5.0,4.0,4.0,4.0,4.0,4.0,4.0,2.0,4.0,4.0,4.0,4.0,3.0,4.0
193d4fd1d794b5f85e8d69d85318f053,4.0,4.0,4.0,3.0,4.0,4.0,4.0,4.0,4.0,4.0,4.0,4.0,3.0,4.0,3.0,4.0,4.0,4.0,4.0,2.0,4.0,4.0,4.0,4.0,4.0,4.0,2.0,4.0,4.0,4.0,4.0,4.0,4.0,4.0,3.0,4.0,4.0,3.0,3.0,3.0,4.0,3.0,4.0,2.0,4.0,4.0,4.0,3.0,4.0,4.0
34024522c588638da7de356d1b3129a7,3.0,3.0,4.0,3.0,3.0,4.0,4.0,4.0,4.0,4.0,4.0,4.0,4.0,4.0,3.0,4.0,4.0,4.0,3.0,4.0,3.0,3.0,3.0,4.0,3.0,4.0,3.0,3.0,4.0,3.0,4.0,5.0,4.0,3.0,2.0,3.0,4.0,3.0,3.0,3.0,4.0,3.0,3.0,2.0,4.0,4.0,4.0,3.0,3.0,3.0
8e3b87ff984dbaf691a0f32754006956,4.0,4.0,4.0,4.0,4.0,3.0,3.0,4.0,4.0,4.0,3.0,4.0,4.0,4.0,3.0,3.0,4.0,4.0,3.0,4.0,3.0,4.0,5.0,5.0,2.0,3.0,4.0,3.0,4.0,3.0,3.0,5.0,4.0,4.0,2.0,4.0,5.0,4.0,4.0,4.0,4.0,4.0,4.0,5.0,4.0,5.0,4.0,3.0,5.0,4.0
c8aca66b7f628ee9972477622f89592c,4.0,4.0,4.0,4.0,4.0,4.0,4.0,4.0,4.0,4.0,4.0,4.0,4.0,4.0,3.0,3.0,3.0,3.0,4.0,4.0,4.0,4.0,4.0,4.0,4.0,4.0,3.0,3.0,4.0,4.0,4.0,4.0,4.0,3.0,4.0,3.0,5.0,4.0,4.0,3.0,5.0,3.0,4.0,2.0,4.0,5.0,4.0,3.0,3.0,3.0
ee18229e2fee5bc9e24cc34229389079,3.0,3.0,3.0,3.0,3.0,3.0,3.0,3.0,3.0,3.0,3.0,3.0,3.0,3.0,3.0,3.0,3.0,4.0,4.0,4.0,4.0,4.0,4.0,3.0,2.0,3.0,4.0,4.0,3.0,2.0,3.0,3.0,3.0,1.0,3.0,3.0,2.0,3.0,3.0,3.0,2.0,3.0,2.0,3.0,4.0,5.0,3.0,3.0,3.0,3.0
3d460d9f6feb1d3f9e142cd844343e0b,3.0,3.0,3.0,3.0,4.0,4.0,4.0,4.0,3.0,4.0,3.0,4.0,3.0,4.0,3.0,3.0,2.0,3.0,3.0,2.0,2.0,4.0,4.0,2.0,2.0,4.0,2.0,4.0,5.0,4.0,3.0,3.0,3.0,2.0,3.0,2.0,3.0,3.0,3.0,3.0,4.0,2.0,3.0,2.0,3.0,4.0,3.0,3.0,3.0,3.0
c5d3e9cf5b5209fff8f2a41e8b2d41c7,4.0,4.0,4.0,4.0,5.0,4.0,4.0,3.0,3.0,4.0,3.0,3.0,2.0,4.0,3.0,4.0,4.0,4.0,4.0,3.0,3.0,3.0,4.0,3.0,3.0,3.0,3.0,4.0,4.0,3.0,4.0,3.0,3.0,3.0,3.0,3.0,3.0,3.0,3.0,4.0,3.0,4.0,3.0,2.0,4.0,4.0,4.0,3.0,3.0,3.0
9726a91e5bb238f6a05e657adb40738c,4.0,4.0,4.0,4.0,4.0,5.0,5.0,4.0,5.0,3.0,4.0,5.0,3.0,4.0,2.0,3.0,3.0,4.0,3.0,3.0,3.0,4.0,4.0,4.0,4.0,4.0,4.0,4.0,5.0,3.0,4.0,5.0,4.0,4.0,3.0,5.0,5.0,4.0,4.0,4.0,4.0,4.0,4.0,2.0,3.0,4.0,5.0,2.0,2.0,2.0
129ddde18a68ca2abcdc3dfed2193e8d,4.0,5.0,5.0,5.0,5.0,5.0,5.0,5.0,5.0,5.0,5.0,5.0,3.0,5.0,3.0,4.0,4.0,5.0,4.0,3.0,4.0,5.0,5.0,5.0,5.0,3.0,4.0,4.0,5.0,4.0,5.0,4.0,3.0,2.0,4.0,4.0,5.0,3.0,4.0,5.0,3.0,4.0,4.0,2.0,5.0,5.0,5.0,5.0,5.0,4.0
38072b9ea3fd99917b417c1ee712de83,4.0,4.0,3.0,3.0,5.0,4.0,4.0,2.0,4.0,3.0,2.0,4.0,2.0,3.0,4.0,5.0,3.0,4.0,5.0,3.0,3.0,4.0,4.0,5.0,3.0,4.0,4.0,5.0,4.0,4.0,3.0,4.0,3.0,3.0,4.0,4.0,5.0,3.0,3.0,3.0,2.0,4.0,2.0,1.0,3.0,4.0,4.0,4.0,2.0,2.0
234c16857c59d7cade139c6457200b6a,,4.0,4.0,4.0,3.0,4.0,4.0,4.0,4.0,3.0,4.0,3.0,3.0,4.0,4.0,3.0,4.0,3.0,3.0,3.0,3.0,4.0,4.0,2.0,3.0,3.0,2.0,3.0,4.0,,2.0,4.0,4.0,3.0,4.0,4.0,4.0,2.0,3.0,3.0,4.0,3.0,3.0,2.0,3.0,4.0,4.0,3.0,4.0,4.0
a950b5467cb42eff9068dbf2b750dcfa,5.0,5.0,5.0,5.0,5.0,3.0,5.0,5.0,4.0,3.0,5.0,5.0,3.0,5.0,5.0,5.0,5.0,5.0,4.0,3.0,4.0,5.0,3.0,5.0,5.0,5.0,1.0,5.0,5.0,,5.0,5.0,5.0,5.0,5.0,5.0,5.0,5.0,4.0,4.0,4.0,1.0,5.0,1.0,5.0,5.0,5.0,4.0,4.0,4.0
19056c5976e9a570a9d075ffd241dc8c,4.0,4.0,3.0,4.0,5.0,4.0,4.0,4.0,4.0,4.0,2.0,4.0,4.0,3.0,3.0,3.0,3.0,4.0,3.0,3.0,4.0,4.0,4.0,3.0,4.0,4.0,3.0,4.0,4.0,3.0,3.0,4.0,4.0,2.0,4.0,4.0,4.0,2.0,3.0,3.0,3.0,3.0,4.0,2.0,2.0,4.0,4.0,5.0,5.0,4.0
b5393db86f04cff048fbfad5342bf6d2,4.0,4.0,4.0,4.0,4.0,4.0,4.0,4.0,4.0,4.0,4.0,4.0,4.0,4.0,4.0,4.0,4.0,4.0,4.0,3.0,4.0,4.0,4.0,4.0,4.0,4.0,3.0,4.0,4.0,4.0,4.0,4.0,4.0,3.0,4.0,3.0,4.0,3.0,4.0,4.0,3.0,4.0,3.0,3.0,4.0,4.0,4.0,3.0,4.0,4.0
2b2a0982179d48f1e8630edb15558915,4.0,4.0,4.0,4.0,4.0,2.0,4.0,3.0,4.0,5.0,4.0,4.0,2.0,4.0,2.0,4.0,3.0,2.0,2.0,2.0,4.0,4.0,4.0,4.0,4.0,2.0,2.0,2.0,4.0,4.0,3.0,4.0,4.0,1.0,2.0,4.0,5.0,4.0,2.0,1.0,4.0,4.0,4.0,1.0,4.0,4.0,4.0,3.0,2.0,2.0
78ed069a3a944d4463d39ffa74138614,4.0,3.0,4.0,3.0,4.0,5.0,4.0,3.0,4.0,4.0,3.0,2.0,2.0,3.0,4.0,4.0,4.0,4.0,3.0,3.0,3.0,3.0,4.0,3.0,3.0,4.0,3.0,3.0,5.0,4.0,3.0,4.0,4.0,2.0,3.0,3.0,4.0,3.0,3.0,3.0,4.0,4.0,4.0,4.0,3.0,4.0,4.0,3.0,5.0,4.0
ecc256bbe6aca0d38037e1bd63b00c53,4.0,3.0,4.0,4.0,4.0,4.0,4.0,4.0,4.0,4.0,4.0,4.0,3.0,4.0,4.0,4.0,4.0,4.0,4.0,4.0,3.0,4.0,3.0,4.0,4.0,3.0,3.0,4.0,4.0,4.0,4.0,3.0,4.0,4.0,3.0,3.0,5.0,4.0,3.0,4.0,4.0,4.0,4.0,3.0,4.0,4.0,4.0,3.0,2.0,4.0
27f3a3f271f518b9c7da33cadad46b62,4.0,4.0,4.0,4.0,3.0,4.0,4.0,4.0,4.0,4.0,3.0,4.0,3.0,4.0,3.0,3.0,4.0,4.0,4.0,4.0,3.0,4.0,4.0,4.0,4.0,4.0,4.0,4.0,4.0,4.0,4.0,4.0,4.0,4.0,4.0,4.0,4.0,4.0,4.0,4.0,4.0,4.0,4.0,3.0,5.0,5.0,5.0,4.0,4.0,4.0
5b6ff8974f7849c3295a0e4b40f544ab,3.0,3.0,3.0,3.0,4.0,3.0,4.0,2.0,3.0,4.0,2.0,2.0,2.0,1.0,4.0,4.0,3.0,3.0,4.0,4.0,4.0,4.0,4.0,2.0,4.0,4.0,5.0,3.0,4.0,3.0,3.0,4.0,3.0,4.0,4.0,5.0,5.0,3.0,3.0,5.0,4.0,5.0,4.0,1.0,3.0,3.0,2.0,2.0,1.0,1.0
8f2e822507d6694953346075a22d646a,4.0,4.0,4.0,4.0,4.0,5.0,5.0,4.0,4.0,4.0,4.0,5.0,3.0,4.0,3.0,4.0,4.0,4.0,3.0,4.0,4.0,4.0,4.0,4.0,4.0,4.0,4.0,4.0,4.0,4.0,4.0,4.0,4.0,4.0,4.0,4.0,5.0,4.0,4.0,,4.0,4.0,4.0,2.0,4.0,4.0,4.0,4.0,4.0,3.0
50833fc4f0545d915ee06bed8670743e,4.0,4.0,4.0,4.0,4.0,4.0,4.0,4.0,4.0,4.0,4.0,4.0,4.0,4.0,3.0,4.0,4.0,4.0,4.0,2.0,4.0,4.0,4.0,4.0,4.0,3.0,3.0,3.0,4.0,4.0,4.0,3.0,4.0,3.0,5.0,4.0,4.0,5.0,4.0,4.0,4.0,3.0,4.0,2.0,4.0,4.0,4.0,4.0,4.0,4.0
b5adbc66d1876ab21840debe6b80e705,5.0,3.0,5.0,4.0,5.0,5.0,5.0,3.0,4.0,4.0,3.0,3.0,4.0,3.0,4.0,4.0,5.0,5.0,5.0,1.0,4.0,4.0,4.0,3.0,4.0,3.0,4.0,3.0,4.0,3.0,4.0,4.0,4.0,3.0,4.0,4.0,5.0,4.0,4.0,4.0,4.0,4.0,4.0,2.0,4.0,4.0,4.0,4.0,4.0,3.0
6d6dab6dcbcb94e6d254fc0f14d5399c,4.0,4.0,4.0,4.0,4.0,4.0,4.0,4.0,4.0,4.0,4.0,4.0,4.0,4.0,3.0,4.0,4.0,4.0,4.0,3.0,4.0,4.0,4.0,4.0,4.0,4.0,3.0,4.0,4.0,4.0,4.0,4.0,4.0,4.0,4.0,4.0,5.0,4.0,4.0,4.0,4.0,4.0,4.0,2.0,4.0,4.0,5.0,5.0,5.0,5.0
040813ab33e45cc57c5b3c2a3a5e5ff1,4.0,4.0,4.0,4.0,4.0,4.0,4.0,4.0,4.0,4.0,4.0,4.0,4.0,4.0,4.0,4.0,4.0,4.0,4.0,2.0,4.0,4.0,4.0,4.0,4.0,4.0,2.0,4.0,4.0,4.0,4.0,4.0,4.0,2.0,4.0,4.0,4.0,2.0,2.0,2.0,4.0,2.0,4.0,2.0,4.0,4.0,4.0,4.0,4.0,2.0
d5d627848d3d514c6b534dbf242f20b7,4.0,4.0,4.0,4.0,3.0,4.0,4.0,4.0,5.0,4.0,4.0,5.0,5.0,5.0,2.0,4.0,4.0,4.0,3.0,2.0,2.0,4.0,4.0,4.0,4.0,4.0,3.0,4.0,4.0,4.0,4.0,4.0,4.0,3.0,2.0,3.0,5.0,4.0,3.0,4.0,4.0,4.0,4.0,2.0,4.0,3.0,4.0,3.0,4.0,3.0
d2153decace6b76122abb0d2b616b2e2,4.0,4.0,4.0,4.0,5.0,4.0,4.0,4.0,4.0,3.0,4.0,4.0,4.0,4.0,4.0,4.0,3.0,4.0,4.0,4.0,4.0,4.0,4.0,4.0,4.0,4.0,4.0,4.0,4.0,4.0,4.0,4.0,4.0,4.0,3.0,4.0,4.0,4.0,5.0,4.0,3.0,4.0,3.0,2.0,4.0,4.0,4.0,2.0,2.0,2.0
0eba5c6f653c53f97868dd5471c75fec,5.0,5.0,5.0,4.0,4.0,4.0,4.0,5.0,5.0,3.0,5.0,,4.0,5.0,4.0,4.0,3.0,3.0,4.0,3.0,5.0,4.0,4.0,4.0,3.0,4.0,4.0,3.0,4.0,4.0,4.0,5.0,4.0,4.0,4.0,4.0,5.0,4.0,5.0,4.0,3.0,4.0,4.0,4.0,4.0,4.0,5.0,3.0,4.0,4.0
3e2eb97636481fc88a08eebda8a00eb5,4.0,3.0,4.0,4.0,3.0,4.0,4.0,4.0,3.0,4.0,3.0,4.0,3.0,4.0,4.0,3.0,4.0,4.0,4.0,3.0,3.0,3.0,4.0,3.0,4.0,4.0,3.0,4.0,4.0,4.0,3.0,4.0,4.0,3.0,2.0,4.0,4.0,4.0,4.0,4.0,4.0,4.0,3.0,3.0,3.0,4.0,4.0,3.0,4.0,4.0
0b3a294979dcf78575cf31420b0b8472,4.0,4.0,4.0,4.0,3.0,3.0,4.0,3.0,3.0,4.0,4.0,4.0,4.0,4.0,3.0,3.0,4.0,4.0,4.0,3.0,4.0,4.0,4.0,4.0,4.0,3.0,2.0,4.0,4.0,2.0,3.0,4.0,3.0,2.0,2.0,3.0,5.0,3.0,4.0,4.0,4.0,3.0,3.0,4.0,4.0,5.0,5.0,3.0,4.0,3.0
4d40e87341d46284a12c9c71a11d7416,4.0,4.0,5.0,5.0,4.0,4.0,4.0,5.0,5.0,4.0,4.0,4.0,3.0,4.0,3.0,4.0,4.0,4.0,4.0,3.0,4.0,4.0,4.0,4.0,4.0,4.0,3.0,4.0,4.0,4.0,4.0,5.0,5.0,3.0,4.0,4.0,5.0,4.0,3.0,4.0,4.0,3.0,5.0,3.0,4.0,5.0,5.0,3.0,4.0,3.0
e31e19295ace911ea20e9fd00d4eee56,5.0,5.0,5.0,5.0,5.0,4.0,5.0,3.0,5.0,4.0,5.0,5.0,4.0,5.0,5.0,5.0,4.0,5.0,3.0,3.0,4.0,5.0,5.0,4.0,5.0,5.0,4.0,5.0,5.0,4.0,4.0,5.0,5.0,4.0,3.0,5.0,5.0,4.0,5.0,5.0,4.0,4.0,4.0,1.0,4.0,5.0,5.0,4.0,3.0,4.0
6aab705667e7d55117a2a16f34259edc,3.0,3.0,3.0,3.0,5.0,4.0,5.0,2.0,4.0,4.0,3.0,3.0,2.0,3.0,4.0,4.0,3.0,3.0,4.0,3.0,4.0,4.0,3.0,4.0,3.0,3.0,3.0,4.0,4.0,4.0,3.0,4.0,3.0,2.0,2.0,4.0,4.0,3.0,3.0,3.0,3.0,3.0,2.0,2.0,3.0,4.0,4.0,3.0,4.0,2.0
b67f08ea9b9e7e9911e15144f038bd3d,4.0,4.0,4.0,4.0,4.0,4.0,4.0,4.0,4.0,4.0,4.0,4.0,4.0,3.0,3.0,4.0,4.0,4.0,3.0,3.0,4.0,4.0,4.0,3.0,4.0,4.0,3.0,4.0,4.0,4.0,3.0,3.0,3.0,3.0,3.0,4.0,4.0,2.0,3.0,3.0,3.0,2.0,4.0,3.0,3.0,3.0,3.0,3.0,4.0,2.0
cd1233f691e24539ff101a0cc62d7616,4.0,5.0,5.0,5.0,4.0,3.0,4.0,5.0,5.0,3.0,5.0,5.0,5.0,5.0,3.0,3.0,4.0,4.0,3.0,5.0,5.0,5.0,4.0,5.0,5.0,4.0,4.0,4.0,5.0,4.0,5.0,4.0,4.0,5.0,4.0,5.0,5.0,5.0,5.0,5.0,4.0,4.0,4.0,2.0,5.0,5.0,5.0,4.0,3.0,4.0
dd699e1f9eea0f1b1297b73edf0f67e8,3.0,3.0,4.0,4.0,3.0,4.0,4.0,3.0,3.0,4.0,4.0,4.0,3.0,4.0,2.0,2.0,3.0,2.0,2.0,3.0,4.0,4.0,4.0,4.0,3.0,4.0,2.0,4.0,4.0,4.0,3.0,4.0,4.0,2.0,3.0,4.0,5.0,3.0,4.0,4.0,4.0,3.0,4.0,3.0,4.0,4.0,4.0,2.0,4.0,2.0
3182e0e980aee2da0dd8bc39cf3b59bb,4.0,4.0,4.0,4.0,4.0,5.0,5.0,4.0,5.0,5.0,4.0,4.0,4.0,4.0,3.0,4.0,5.0,4.0,3.0,4.0,3.0,4.0,4.0,4.0,3.0,5.0,3.0,4.0,4.0,4.0,4.0,3.0,4.0,3.0,4.0,3.0,5.0,4.0,5.0,4.0,5.0,4.0,5.0,2.0,5.0,5.0,5.0,4.0,4.0,4.0
cfeb5998b239537c79a8afb36c7d07e4,4.0,4.0,4.0,4.0,4.0,3.0,4.0,4.0,4.0,4.0,5.0,4.0,4.0,4.0,3.0,2.0,4.0,4.0,2.0,3.0,4.0,4.0,4.0,4.0,4.0,4.0,4.0,4.0,4.0,4.0,4.0,4.0,3.0,4.0,5.0,4.0,5.0,4.0,5.0,5.0,4.0,3.0,4.0,2.0,4.0,4.0,5.0,3.0,4.0,4.0
b32415d560264756eb66b64c21ed02cb,3.0,5.0,4.0,4.0,5.0,3.0,4.0,5.0,4.0,4.0,5.0,5.0,3.0,4.0,3.0,4.0,4.0,5.0,4.0,2.0,3.0,4.0,4.0,3.0,3.0,5.0,1.0,4.0,4.0,3.0,5.0,4.0,4.0,1.0,3.0,3.0,5.0,3.0,4.0,3.0,4.0,2.0,3.0,2.0,3.0,4.0,4.0,4.0,4.0,4.0
ae297a94daddf4080494a9fa4e7eecda,4.0,4.0,4.0,4.0,5.0,3.0,4.0,4.0,5.0,4.0,4.0,5.0,4.0,5.0,4.0,5.0,4.0,4.0,3.0,4.0,3.0,4.0,4.0,4.0,4.0,3.0,5.0,4.0,4.0,4.0,3.0,5.0,5.0,4.0,3.0,4.0,5.0,4.0,5.0,5.0,4.0,4.0,4.0,1.0,4.0,4.0,4.0,2.0,3.0,3.0
56b78bc935664e23f56f1874e13723b3,4.0,4.0,4.0,4.0,4.0,4.0,5.0,5.0,5.0,4.0,4.0,4.0,3.0,4.0,3.0,4.0,4.0,4.0,4.0,3.0,3.0,4.0,3.0,3.0,4.0,4.0,3.0,4.0,4.0,4.0,4.0,5.0,4.0,3.0,3.0,3.0,5.0,3.0,3.0,4.0,4.0,2.0,4.0,2.0,3.0,4.0,3.0,2.0,2.0,3.0
1d2c0e7352e53eb88c848782f26c92f0,3.0,4.0,4.0,3.0,,4.0,4.0,3.0,4.0,4.0,4.0,4.0,3.0,4.0,4.0,4.0,4.0,4.0,4.0,4.0,4.0,4.0,4.0,3.0,4.0,4.0,4.0,4.0,4.0,3.0,4.0,4.0,4.0,4.0,4.0,4.0,5.0,3.0,4.0,5.0,4.0,4.0,4.0,2.0,4.0,4.0,4.0,4.0,4.0,3.0
eb7d20d695faea16715582115aad0c37,4.0,4.0,3.0,3.0,4.0,4.0,4.0,4.0,4.0,4.0,3.0,3.0,3.0,4.0,3.0,4.0,4.0,4.0,3.0,3.0,4.0,4.0,4.0,3.0,4.0,3.0,4.0,3.0,,4.0,3.0,4.0,4.0,3.0,3.0,3.0,4.0,4.0,4.0,4.0,3.0,4.0,4.0,2.0,4.0,4.0,4.0,4.0,2.0,2.0
7cc9a21915594af2e5aa8e019c7f52c9,4.0,4.0,4.0,4.0,3.0,3.0,4.0,3.0,4.0,3.0,3.0,4.0,2.0,4.0,3.0,3.0,3.0,3.0,2.0,3.0,2.0,4.0,3.0,2.0,3.0,4.0,3.0,3.0,4.0,5.0,3.0,4.0,4.0,4.0,4.0,4.0,5.0,5.0,4.0,4.0,4.0,4.0,4.0,2.0,3.0,4.0,3.0,3.0,4.0,3.0
45063773a71d0b796ce10ee5e20473ae,4.0,3.0,5.0,4.0,4.0,4.0,5.0,4.0,4.0,4.0,4.0,4.0,5.0,4.0,4.0,4.0,5.0,4.0,5.0,3.0,4.0,3.0,4.0,4.0,4.0,4.0,4.0,3.0,4.0,3.0,3.0,4.0,3.0,3.0,3.0,4.0,5.0,4.0,4.0,4.0,4.0,3.0,4.0,2.0,4.0,5.0,4.0,3.0,4.0,4.0
54d44e0b20ba9c619cb578342b977e6d,4.0,4.0,5.0,4.0,4.0,4.0,4.0,5.0,4.0,4.0,3.0,4.0,4.0,5.0,3.0,4.0,5.0,5.0,4.0,4.0,3.0,4.0,4.0,4.0,3.0,4.0,2.0,4.0,4.0,3.0,4.0,5.0,4.0,4.0,5.0,5.0,4.0,3.0,2.0,5.0,4.0,2.0,3.0,2.0,5.0,4.0,4.0,1.0,3.0,3.0
61cb155c84d2053b9923d8bd4bbfa179,5.0,5.0,4.0,4.0,4.0,4.0,4.0,4.0,4.0,4.0,5.0,4.0,2.0,5.0,3.0,4.0,4.0,4.0,3.0,4.0,3.0,4.0,4.0,3.0,3.0,4.0,3.0,3.0,4.0,3.0,4.0,5.0,5.0,4.0,5.0,3.0,5.0,4.0,5.0,4.0,4.0,4.0,4.0,2.0,4.0,5.0,5.0,2.0,4.0,4.0
9fed5a0822e7674f8ebd0fd47c0951da,4.0,5.0,5.0,5.0,5.0,5.0,5.0,5.0,5.0,5.0,5.0,5.0,5.0,5.0,2.0,4.0,4.0,4.0,4.0,4.0,4.0,4.0,4.0,4.0,4.0,5.0,4.0,4.0,4.0,4.0,4.0,4.0,4.0,4.0,4.0,5.0,5.0,4.0,4.0,5.0,5.0,4.0,4.0,2.0,5.0,5.0,5.0,5.0,5.0,5.0
191ffacebb44617ca8aea3e6c037a174,4.0,4.0,4.0,5.0,4.0,3.0,5.0,5.0,4.0,5.0,4.0,4.0,4.0,5.0,3.0,4.0,4.0,5.0,4.0,4.0,3.0,4.0,5.0,3.0,4.0,5.0,4.0,2.0,5.0,5.0,3.0,5.0,5.0,4.0,2.0,4.0,5.0,4.0,4.0,4.0,5.0,4.0,5.0,2.0,4.0,5.0,5.0,3.0,2.0,4.0
a1c11b2ffa98234696ccdcbc0402e9ca,4.0,4.0,4.0,4.0,4.0,3.0,4.0,4.0,3.0,3.0,4.0,4.0,3.0,4.0,3.0,3.0,4.0,4.0,3.0,4.0,3.0,4.0,5.0,3.0,4.0,3.0,4.0,4.0,4.0,3.0,3.0,4.0,4.0,3.0,4.0,4.0,4.0,4.0,4.0,4.0,4.0,4.0,4.0,3.0,3.0,4.0,4.0,4.0,4.0,3.0
418ac27bd5c9fb20edd1e680005f4c92,4.0,4.0,5.0,4.0,4.0,5.0,3.0,3.0,4.0,3.0,3.0,4.0,2.0,4.0,2.0,3.0,3.0,2.0,4.0,2.0,3.0,3.0,4.0,2.0,2.0,4.0,3.0,4.0,4.0,3.0,3.0,3.0,3.0,3.0,2.0,3.0,5.0,5.0,4.0,4.0,4.0,3.0,4.0,2.0,3.0,4.0,4.0,3.0,4.0,3.0
6fb626c4987ba6a4c496d8de3d09e6ae,4.0,3.0,4.0,5.0,5.0,5.0,5.0,4.0,5.0,5.0,4.0,4.0,5.0,5.0,4.0,4.0,4.0,4.0,4.0,3.0,4.0,5.0,5.0,5.0,5.0,4.0,4.0,4.0,4.0,4.0,4.0,4.0,4.0,4.0,4.0,3.0,5.0,2.0,4.0,4.0,4.0,4.0,4.0,2.0,4.0,4.0,4.0,4.0,4.0,4.0
c888bd92ba873055951e8e75b4471e1e,4.0,4.0,3.0,3.0,4.0,4.0,4.0,3.0,4.0,4.0,3.0,3.0,3.0,3.0,2.0,4.0,4.0,4.0,4.0,3.0,4.0,4.0,3.0,3.0,4.0,4.0,3.0,4.0,4.0,3.0,3.0,3.0,4.0,2.0,4.0,4.0,4.0,3.0,3.0,4.0,4.0,4.0,4.0,2.0,4.0,4.0,4.0,4.0,4.0,4.0
36ec508b9810ba3826cc8b28d311c0db,4.0,4.0,4.0,4.0,4.0,4.0,4.0,4.0,4.0,4.0,4.0,4.0,4.0,4.0,4.0,4.0,4.0,4.0,4.0,3.0,4.0,4.0,5.0,4.0,4.0,4.0,3.0,4.0,4.0,4.0,4.0,4.0,4.0,2.0,3.0,4.0,4.0,4.0,4.0,4.0,3.0,3.0,4.0,2.0,4.0,5.0,4.0,3.0,3.0,4.0
a210de37c0ce28ec510eb551ff949624,4.0,4.0,4.0,4.0,4.0,3.0,3.0,4.0,4.0,3.0,3.0,4.0,3.0,4.0,3.0,3.0,3.0,3.0,3.0,4.0,3.0,4.0,4.0,3.0,3.0,3.0,3.0,4.0,4.0,4.0,4.0,5.0,4.0,3.0,4.0,3.0,4.0,4.0,5.0,4.0,4.0,4.0,5.0,2.0,4.0,5.0,4.0,4.0,4.0,4.0
65c9cd55272ec4d9b0ef84414a2ebd1e,4.0,4.0,5.0,5.0,3.0,3.0,4.0,4.0,5.0,5.0,4.0,5.0,3.0,5.0,2.0,2.0,4.0,3.0,3.0,2.0,5.0,2.0,4.0,4.0,3.0,3.0,4.0,1.0,4.0,2.0,2.0,5.0,4.0,3.0,4.0,3.0,4.0,4.0,2.0,3.0,4.0,4.0,4.0,1.0,3.0,5.0,5.0,2.0,2.0,1.0
1db6ebb525935f200caf47437ace60f8,4.0,3.0,4.0,2.0,4.0,3.0,3.0,4.0,4.0,3.0,4.0,3.0,4.0,4.0,2.0,4.0,3.0,3.0,4.0,3.0,2.0,4.0,3.0,4.0,4.0,2.0,3.0,4.0,4.0,4.0,4.0,3.0,3.0,2.0,2.0,2.0,4.0,4.0,4.0,3.0,4.0,4.0,2.0,2.0,3.0,4.0,4.0,4.0,4.0,4.0
d92ecb75fcde4dbf20a318b41087c53e,4.0,4.0,4.0,4.0,4.0,4.0,3.0,4.0,4.0,4.0,5.0,5.0,4.0,5.0,3.0,4.0,4.0,4.0,3.0,4.0,3.0,4.0,4.0,4.0,4.0,4.0,3.0,2.0,4.0,3.0,4.0,4.0,4.0,4.0,3.0,4.0,5.0,4.0,5.0,4.0,4.0,3.0,4.0,2.0,5.0,5.0,5.0,2.0,4.0,4.0
9497ffba69c7888bce4e80e896a775c0,4.0,4.0,5.0,4.0,4.0,5.0,5.0,4.0,4.0,4.0,4.0,4.0,4.0,4.0,2.0,3.0,4.0,3.0,3.0,2.0,3.0,4.0,3.0,3.0,3.0,4.0,3.0,4.0,4.0,3.0,4.0,4.0,4.0,2.0,4.0,4.0,4.0,3.0,3.0,4.0,4.0,3.0,4.0,2.0,4.0,4.0,3.0,3.0,2.0,2.0
760b65941d80cdd3b709ec0a6f6bf517,4.0,4.0,4.0,4.0,4.0,3.0,4.0,3.0,4.0,4.0,4.0,4.0,3.0,4.0,3.0,3.0,5.0,4.0,3.0,3.0,3.0,4.0,4.0,3.0,4.0,4.0,2.0,4.0,4.0,4.0,4.0,4.0,4.0,2.0,3.0,4.0,5.0,4.0,3.0,5.0,5.0,4.0,5.0,2.0,4.0,5.0,5.0,4.0,5.0,5.0
1eb5b71d6620d30f2768219e6ff0b654,4.0,4.0,4.0,3.0,3.0,4.0,4.0,2.0,5.0,3.0,4.0,3.0,3.0,4.0,3.0,4.0,3.0,3.0,3.0,4.0,3.0,4.0,3.0,4.0,3.0,3.0,5.0,3.0,5.0,4.0,4.0,4.0,3.0,3.0,3.0,4.0,5.0,5.0,4.0,4.0,3.0,4.0,3.0,3.0,4.0,3.0,3.0,1.0,1.0,1.0
caf96adedea36a1e9a3143b55f71beed,3.0,4.0,4.0,4.0,4.0,4.0,4.0,4.0,4.0,4.0,4.0,4.0,4.0,4.0,3.0,3.0,4.0,4.0,3.0,3.0,4.0,4.0,5.0,3.0,3.0,3.0,3.0,3.0,4.0,4.0,4.0,4.0,4.0,3.0,4.0,4.0,4.0,4.0,4.0,4.0,4.0,4.0,4.0,4.0,5.0,5.0,5.0,3.0,4.0,4.0
596b466b63d92244aee713b6525cb072,4.0,4.0,4.0,4.0,4.0,4.0,4.0,4.0,4.0,4.0,4.0,4.0,3.0,4.0,3.0,4.0,3.0,4.0,3.0,3.0,4.0,4.0,5.0,3.0,4.0,4.0,3.0,3.0,4.0,4.0,4.0,4.0,4.0,4.0,2.0,4.0,5.0,2.0,2.0,2.0,4.0,2.0,4.0,4.0,4.0,4.0,4.0,3.0,4.0,4.0
4f7edf8af873ccef5e94647cdafcfc1a,4.0,4.0,4.0,4.0,4.0,4.0,4.0,4.0,4.0,4.0,4.0,4.0,4.0,4.0,3.0,4.0,5.0,4.0,4.0,3.0,5.0,4.0,4.0,4.0,5.0,5.0,3.0,5.0,5.0,5.0,5.0,5.0,5.0,1.0,3.0,5.0,5.0,2.0,1.0,1.0,4.0,3.0,4.0,4.0,4.0,4.0,5.0,4.0,4.0,4.0
a41c1eab3d8463a7cb6ea0eb7d813e30,4.0,4.0,4.0,3.0,3.0,4.0,4.0,3.0,4.0,4.0,5.0,5.0,3.0,5.0,2.0,3.0,3.0,4.0,3.0,4.0,3.0,4.0,4.0,2.0,3.0,4.0,2.0,4.0,5.0,3.0,3.0,5.0,4.0,5.0,4.0,3.0,3.0,4.0,3.0,4.0,4.0,4.0,3.0,3.0,2.0,5.0,5.0,4.0,4.0,3.0
c0da6852b9ea51985a0cf3703d39c52d,3.0,3.0,3.0,3.0,3.0,3.0,3.0,3.0,3.0,3.0,4.0,3.0,3.0,4.0,3.0,3.0,3.0,3.0,3.0,3.0,3.0,3.0,4.0,3.0,3.0,3.0,3.0,3.0,3.0,3.0,4.0,4.0,3.0,3.0,3.0,4.0,4.0,3.0,3.0,3.0,3.0,3.0,3.0,3.0,3.0,4.0,4.0,3.0,3.0,4.0
6d4b7a6f7c4c3aa2fe1efed5888e729b,4.0,4.0,4.0,3.0,3.0,3.0,4.0,4.0,4.0,3.0,4.0,4.0,3.0,4.0,3.0,4.0,4.0,4.0,3.0,2.0,2.0,4.0,4.0,4.0,2.0,4.0,2.0,4.0,4.0,4.0,4.0,4.0,4.0,2.0,4.0,4.0,4.0,3.0,2.0,2.0,4.0,2.0,4.0,4.0,4.0,5.0,5.0,3.0,4.0,4.0
447479f2c66040046a9b32ccfbaae127,3.0,3.0,4.0,4.0,4.0,4.0,4.0,4.0,4.0,3.0,4.0,3.0,4.0,4.0,3.0,4.0,4.0,4.0,4.0,3.0,4.0,3.0,4.0,2.0,4.0,3.0,3.0,4.0,3.0,4.0,4.0,5.0,3.0,2.0,5.0,4.0,4.0,3.0,2.0,2.0,3.0,2.0,3.0,4.0,5.0,5.0,5.0,3.0,4.0,3.0
4f25425fdbeff3e6ce39ffa4d4a3cb0b,4.0,4.0,5.0,4.0,4.0,4.0,4.0,4.0,5.0,4.0,4.0,5.0,4.0,5.0,3.0,4.0,3.0,4.0,4.0,2.0,2.0,3.0,3.0,4.0,3.0,4.0,2.0,5.0,4.0,3.0,4.0,4.0,3.0,2.0,5.0,4.0,5.0,3.0,2.0,2.0,4.0,3.0,4.0,4.0,4.0,5.0,4.0,2.0,3.0,3.0
2efc0a548e80acbcaf2cfb9804e2faa3,4.0,4.0,4.0,4.0,3.0,3.0,4.0,4.0,4.0,3.0,4.0,4.0,4.0,4.0,3.0,4.0,3.0,4.0,3.0,3.0,3.0,4.0,4.0,3.0,3.0,3.0,3.0,4.0,4.0,3.0,4.0,4.0,4.0,4.0,4.0,3.0,4.0,3.0,2.0,3.0,4.0,4.0,4.0,3.0,4.0,5.0,5.0,3.0,4.0,4.0
85345ead7b6db97b141cbdee0b846230,2.0,2.0,3.0,3.0,4.0,2.0,3.0,2.0,4.0,2.0,5.0,5.0,3.0,5.0,3.0,2.0,4.0,4.0,2.0,3.0,3.0,4.0,2.0,2.0,2.0,3.0,4.0,3.0,5.0,4.0,3.0,5.0,4.0,2.0,4.0,5.0,5.0,3.0,1.0,2.0,5.0,4.0,4.0,4.0,3.0,4.0,5.0,1.0,4.0,4.0
34c778c98ed41d6cd2a37c5145033c4a,4.0,4.0,4.0,3.0,3.0,3.0,4.0,3.0,3.0,4.0,4.0,4.0,4.0,4.0,2.0,4.0,4.0,4.0,3.0,4.0,3.0,3.0,4.0,4.0,3.0,3.0,2.0,3.0,4.0,3.0,3.0,4.0,3.0,4.0,4.0,3.0,4.0,4.0,3.0,2.0,3.0,2.0,3.0,4.0,4.0,5.0,4.0,4.0,4.0,3.0
843ac46f8cd7da73c4ae48b2deb4a729,4.0,4.0,4.0,4.0,3.0,3.0,4.0,4.0,4.0,3.0,4.0,4.0,4.0,4.0,3.0,3.0,4.0,4.0,4.0,2.0,4.0,3.0,4.0,4.0,4.0,4.0,2.0,4.0,4.0,4.0,4.0,4.0,4.0,2.0,4.0,4.0,4.0,3.0,2.0,2.0,3.0,3.0,4.0,4.0,4.0,4.0,4.0,4.0,4.0,3.0
cd8d1190d4e2e17f65c0c7a506f4dd4f,4.0,4.0,4.0,4.0,4.0,3.0,4.0,4.0,4.0,3.0,5.0,4.0,4.0,4.0,3.0,3.0,4.0,4.0,3.0,3.0,3.0,4.0,4.0,4.0,3.0,4.0,3.0,4.0,4.0,4.0,4.0,4.0,4.0,4.0,4.0,4.0,4.0,3.0,2.0,2.0,4.0,3.0,3.0,4.0,5.0,5.0,5.0,4.0,4.0,4.0
d88e44d3d77734a236a21543fc9d37de,3.0,4.0,3.0,3.0,3.0,3.0,4.0,4.0,4.0,4.0,4.0,4.0,3.0,3.0,4.0,3.0,3.0,3.0,4.0,2.0,3.0,3.0,3.0,3.0,3.0,4.0,3.0,3.0,3.0,3.0,3.0,3.0,3.0,3.0,2.0,4.0,4.0,4.0,2.0,3.0,3.0,3.0,4.0,3.0,4.0,2.0,5.0,4.0,1.0,2.0
1a0c76d043eeff7842f46b9583570a50,3.0,3.0,3.0,3.0,4.0,3.0,4.0,3.0,4.0,3.0,3.0,4.0,3.0,4.0,3.0,4.0,3.0,3.0,3.0,3.0,4.0,4.0,4.0,4.0,3.0,4.0,3.0,3.0,4.0,4.0,4.0,5.0,4.0,3.0,4.0,4.0,5.0,2.0,1.0,3.0,4.0,3.0,3.0,3.0,5.0,5.0,5.0,3.0,4.0,3.0
da03bef31ab2dca5b97f8d240ccb4a61,4.0,4.0,5.0,4.0,4.0,4.0,4.0,4.0,4.0,3.0,5.0,4.0,2.0,4.0,3.0,3.0,4.0,4.0,3.0,2.0,4.0,4.0,4.0,3.0,4.0,4.0,3.0,3.0,4.0,3.0,4.0,5.0,4.0,3.0,4.0,4.0,4.0,3.0,2.0,2.0,4.0,2.0,4.0,4.0,4.0,5.0,4.0,3.0,5.0,5.0
998d6f7b512c27d4f5c35dbb5922ba44,4.0,4.0,4.0,4.0,3.0,4.0,4.0,5.0,4.0,3.0,4.0,4.0,3.0,5.0,3.0,4.0,4.0,4.0,3.0,2.0,4.0,5.0,4.0,4.0,4.0,4.0,4.0,4.0,5.0,4.0,4.0,4.0,4.0,2.0,4.0,5.0,5.0,2.0,2.0,2.0,4.0,2.0,4.0,4.0,5.0,5.0,5.0,4.0,4.0,4.0
0b6c3afa086c5e03a24665aa75a7a0f5,4.0,4.0,4.0,4.0,4.0,3.0,3.0,5.0,4.0,3.0,4.0,4.0,4.0,5.0,3.0,3.0,3.0,3.0,4.0,3.0,4.0,4.0,4.0,4.0,4.0,4.0,3.0,3.0,4.0,3.0,4.0,4.0,4.0,3.0,4.0,4.0,5.0,2.0,1.0,2.0,4.0,4.0,5.0,4.0,4.0,5.0,5.0,4.0,4.0,3.0
8eaa803c0b87790ec4290bcd41e5b037,4.0,4.0,4.0,4.0,4.0,4.0,5.0,5.0,5.0,4.0,5.0,5.0,4.0,4.0,4.0,4.0,4.0,4.0,4.0,1.0,3.0,4.0,4.0,4.0,4.0,4.0,4.0,4.0,5.0,5.0,4.0,5.0,5.0,1.0,5.0,5.0,5.0,2.0,2.0,1.0,4.0,2.0,4.0,5.0,3.0,4.0,4.0,3.0,3.0,3.0
191ea163dc12fe1cb4c8397bd48f18aa,4.0,3.0,4.0,4.0,4.0,4.0,4.0,4.0,3.0,4.0,4.0,3.0,4.0,4.0,2.0,3.0,4.0,4.0,4.0,3.0,3.0,4.0,3.0,3.0,4.0,4.0,2.0,3.0,4.0,4.0,4.0,3.0,4.0,2.0,3.0,3.0,3.0,2.0,2.0,2.0,4.0,3.0,3.0,4.0,5.0,5.0,4.0,3.0,2.0,2.0
1635c1bba7b734d85d12d005e5ef67a9,4.0,4.0,3.0,3.0,4.0,3.0,3.0,3.0,4.0,3.0,4.0,4.0,4.0,4.0,4.0,4.0,4.0,3.0,3.0,4.0,4.0,4.0,3.0,4.0,3.0,4.0,4.0,4.0,4.0,4.0,4.0,3.0,4.0,4.0,2.0,4.0,4.0,2.0,2.0,3.0,4.0,2.0,3.0,4.0,4.0,4.0,4.0,3.0,4.0,3.0
5594425402daa5d17ba4a9043c1d8ff6,4.0,3.0,4.0,4.0,3.0,4.0,4.0,4.0,4.0,3.0,4.0,3.0,4.0,4.0,4.0,4.0,4.0,4.0,4.0,3.0,3.0,3.0,4.0,4.0,,3.0,3.0,3.0,3.0,3.0,3.0,4.0,4.0,4.0,4.0,4.0,4.0,4.0,4.0,4.0,4.0,4.0,4.0,4.0,4.0,4.0,4.0,3.0,4.0,4.0
99b5057fa31682ed3b10f24d25b4e8ae,4.0,4.0,4.0,3.0,4.0,4.0,4.0,3.0,4.0,4.0,4.0,4.0,3.0,4.0,3.0,3.0,4.0,4.0,3.0,3.0,3.0,4.0,4.0,4.0,4.0,4.0,4.0,4.0,4.0,4.0,4.0,3.0,3.0,3.0,3.0,3.0,5.0,3.0,2.0,2.0,3.0,2.0,4.0,4.0,3.0,4.0,4.0,3.0,4.0,3.0
2aebc6de3f2abaa9253dfc7810b773d4,3.0,3.0,4.0,4.0,3.0,3.0,3.0,3.0,3.0,3.0,3.0,3.0,3.0,3.0,3.0,3.0,3.0,3.0,3.0,3.0,3.0,3.0,3.0,3.0,3.0,3.0,3.0,3.0,3.0,3.0,3.0,3.0,3.0,3.0,3.0,3.0,3.0,3.0,3.0,3.0,3.0,3.0,3.0,3.0,3.0,3.0,3.0,4.0,4.0,4.0
cada78ef18cca6cc39d55679d9da5d42,4.0,5.0,3.0,4.0,5.0,4.0,5.0,5.0,,5.0,5.0,,5.0,5.0,5.0,,5.0,4.0,5.0,5.0,4.0,4.0,,4.0,5.0,5.0,,4.0,5.0,5.0,5.0,4.0,4.0,5.0,5.0,5.0,4.0,4.0,5.0,4.0,5.0,4.0,5.0,3.0,4.0,4.0,5.0,3.0,4.0,3.0
1e342325849367478c72fcded1149c65,4.0,4.0,4.0,4.0,5.0,4.0,4.0,5.0,4.0,5.0,4.0,4.0,4.0,4.0,,,,,,4.0,3.0,4.0,5.0,4.0,4.0,4.0,4.0,,4.0,4.0,4.0,4.0,4.0,4.0,4.0,4.0,4.0,4.0,4.0,4.0,4.0,4.0,4.0,4.0,4.0,4.0,4.0,5.0,5.0,4.0
bc482f9d2bff061e21937607585d9f9b,4.0,4.0,4.0,4.0,4.0,4.0,4.0,4.0,4.0,4.0,4.0,4.0,3.0,4.0,3.0,4.0,4.0,4.0,3.0,2.0,4.0,4.0,4.0,4.0,4.0,4.0,3.0,4.0,4.0,4.0,4.0,4.0,4.0,2.0,4.0,4.0,4.0,2.0,2.0,2.0,3.0,3.0,3.0,4.0,4.0,4.0,4.0,4.0,4.0,4.0
934121a38d196ca27d3d21c0ce383122,4.0,4.0,4.0,4.0,4.0,4.0,4.0,4.0,4.0,4.0,4.0,4.0,4.0,4.0,4.0,4.0,4.0,3.0,4.0,4.0,3.0,4.0,4.0,4.0,4.0,4.0,3.0,4.0,4.0,4.0,4.0,4.0,4.0,3.0,3.0,4.0,4.0,3.0,3.0,3.0,3.0,3.0,4.0,3.0,4.0,4.0,4.0,3.0,4.0,3.0
334ae80553d0d9888c59436a747e6435,4.0,4.0,4.0,4.0,4.0,4.0,5.0,5.0,5.0,4.0,5.0,5.0,4.0,5.0,5.0,5.0,4.0,5.0,5.0,2.0,5.0,5.0,5.0,5.0,5.0,5.0,5.0,5.0,5.0,5.0,5.0,5.0,5.0,5.0,5.0,4.0,5.0,3.0,3.0,3.0,5.0,3.0,5.0,5.0,4.0,5.0,5.0,4.0,4.0,3.0
a6458da9625c6ae288440bc3868952f4,5.0,5.0,5.0,5.0,5.0,5.0,5.0,5.0,5.0,5.0,5.0,5.0,5.0,5.0,5.0,5.0,5.0,5.0,5.0,3.0,4.0,3.0,4.0,4.0,3.0,3.0,2.0,4.0,5.0,4.0,4.0,4.0,4.0,3.0,4.0,4.0,4.0,2.0,2.0,2.0,4.0,3.0,4.0,4.0,4.0,4.0,4.0,4.0,4.0,4.0
213537eee9b97f1b39970a8d5cdce00c,4.0,4.0,4.0,4.0,4.0,4.0,4.0,4.0,4.0,4.0,4.0,4.0,4.0,4.0,4.0,4.0,4.0,4.0,4.0,3.0,4.0,4.0,4.0,4.0,4.0,4.0,4.0,4.0,4.0,4.0,4.0,4.0,4.0,2.0,4.0,4.0,5.0,2.0,2.0,2.0,4.0,2.0,4.0,4.0,4.0,4.0,4.0,3.0,4.0,4.0
f0a81ae38b4e5374cba10b03d7e6b7aa,4.0,4.0,4.0,4.0,5.0,4.0,4.0,4.0,4.0,4.0,4.0,4.0,4.0,4.0,5.0,4.0,4.0,4.0,4.0,3.0,4.0,4.0,4.0,4.0,4.0,4.0,3.0,3.0,5.0,3.0,3.0,4.0,4.0,4.0,4.0,4.0,5.0,2.0,1.0,2.0,4.0,2.0,4.0,3.0,4.0,5.0,4.0,3.0,4.0,3.0
2360852fcfec3ce90c573151f24adfd1,4.0,4.0,4.0,4.0,5.0,4.0,4.0,4.0,5.0,4.0,5.0,5.0,3.0,4.0,4.0,4.0,4.0,3.0,4.0,5.0,4.0,4.0,4.0,4.0,3.0,3.0,3.0,3.0,4.0,4.0,4.0,4.0,4.0,3.0,4.0,3.0,3.0,4.0,4.0,3.0,4.0,3.0,3.0,3.0,4.0,4.0,4.0,5.0,5.0,4.0
3e018e2078fe88dfd6c8c52bf425cfc3,5.0,5.0,5.0,5.0,4.0,4.0,4.0,4.0,5.0,3.0,5.0,5.0,3.0,4.0,3.0,4.0,4.0,3.0,3.0,3.0,4.0,4.0,4.0,4.0,3.0,4.0,3.0,4.0,4.0,5.0,3.0,5.0,3.0,3.0,4.0,4.0,4.0,2.0,1.0,3.0,4.0,3.0,4.0,5.0,4.0,3.0,4.0,4.0,5.0,4.0
aaf5852b0146d3dcfb03c52ec0ef48e4,4.0,5.0,4.0,4.0,5.0,5.0,4.0,4.0,5.0,5.0,5.0,5.0,4.0,5.0,4.0,5.0,5.0,5.0,5.0,4.0,5.0,4.0,5.0,5.0,5.0,3.0,3.0,5.0,5.0,5.0,4.0,3.0,5.0,2.0,5.0,5.0,5.0,2.0,1.0,1.0,5.0,1.0,5.0,5.0,5.0,5.0,5.0,4.0,5.0,5.0
6c7ea17b19edee01e39075dfbd783085,4.0,4.0,4.0,4.0,4.0,4.0,4.0,4.0,4.0,4.0,5.0,4.0,5.0,5.0,3.0,3.0,4.0,5.0,4.0,4.0,3.0,4.0,3.0,5.0,2.0,3.0,2.0,3.0,4.0,3.0,4.0,5.0,3.0,4.0,5.0,3.0,4.0,3.0,2.0,3.0,5.0,3.0,3.0,4.0,5.0,5.0,5.0,3.0,4.0,2.0
94a2b55405ffb84d8d1d0cb8c54c1e5b,4.0,3.0,3.0,4.0,4.0,5.0,4.0,2.0,4.0,4.0,4.0,4.0,4.0,4.0,3.0,3.0,4.0,4.0,4.0,2.0,3.0,4.0,3.0,4.0,3.0,4.0,2.0,4.0,4.0,4.0,4.0,4.0,4.0,2.0,3.0,4.0,4.0,3.0,3.0,2.0,5.0,3.0,5.0,5.0,4.0,4.0,4.0,3.0,4.0,4.0
01291c313aef72b9786046bd7ce4cfca,5.0,5.0,5.0,5.0,4.0,5.0,4.0,4.0,4.0,5.0,4.0,4.0,5.0,5.0,5.0,5.0,5.0,5.0,5.0,5.0,5.0,5.0,5.0,5.0,5.0,5.0,5.0,5.0,5.0,4.0,5.0,3.0,5.0,5.0,4.0,5.0,5.0,3.0,2.0,1.0,4.0,2.0,4.0,2.0,4.0,5.0,5.0,4.0,5.0,5.0
41364796890f9cffd068307dbdff9559,4.0,4.0,4.0,4.0,5.0,4.0,4.0,4.0,4.0,4.0,4.0,4.0,4.0,4.0,4.0,4.0,4.0,4.0,4.0,3.0,3.0,4.0,4.0,4.0,4.0,4.0,3.0,4.0,4.0,4.0,4.0,4.0,5.0,2.0,3.0,4.0,4.0,2.0,2.0,2.0,3.0,2.0,3.0,4.0,4.0,4.0,4.0,3.0,4.0,4.0
2984b3dc3fbbdcd35ebe764dc30ca331,4.0,4.0,5.0,4.0,4.0,3.0,4.0,4.0,5.0,3.0,4.0,4.0,4.0,4.0,4.0,3.0,4.0,4.0,3.0,3.0,3.0,4.0,4.0,3.0,3.0,4.0,3.0,4.0,5.0,4.0,4.0,4.0,5.0,2.0,3.0,3.0,5.0,2.0,1.0,2.0,3.0,2.0,4.0,4.0,3.0,4.0,4.0,3.0,3.0,3.0
6673ff23881e8c0ef5aae29ed547d83d,5.0,4.0,5.0,5.0,5.0,5.0,5.0,5.0,5.0,5.0,5.0,5.0,4.0,5.0,4.0,4.0,5.0,5.0,4.0,3.0,5.0,5.0,4.0,4.0,5.0,4.0,3.0,5.0,4.0,4.0,4.0,4.0,5.0,2.0,4.0,5.0,5.0,2.0,2.0,2.0,5.0,2.0,5.0,4.0,5.0,4.0,4.0,4.0,4.0,4.0
2ce542d10444443251e44a3a6dec6eb4,5.0,5.0,5.0,5.0,4.0,3.0,3.0,4.0,4.0,4.0,5.0,4.0,4.0,5.0,3.0,3.0,3.0,3.0,3.0,4.0,4.0,4.0,4.0,4.0,4.0,4.0,3.0,4.0,4.0,4.0,4.0,5.0,5.0,3.0,5.0,3.0,5.0,4.0,3.0,2.0,4.0,2.0,4.0,3.0,5.0,5.0,5.0,5.0,5.0,5.0
07376c0e999c285d498c430418059de0,4.0,4.0,4.0,4.0,4.0,4.0,4.0,4.0,4.0,4.0,4.0,4.0,4.0,4.0,4.0,4.0,4.0,4.0,4.0,2.0,4.0,4.0,4.0,4.0,4.0,4.0,2.0,4.0,4.0,4.0,4.0,4.0,4.0,2.0,4.0,4.0,4.0,2.0,2.0,2.0,3.0,3.0,4.0,4.0,4.0,4.0,4.0,4.0,4.0,4.0
33387545d6a3c0ee607abff19b75abc7,4.0,4.0,4.0,2.0,5.0,5.0,5.0,1.0,4.0,5.0,1.0,5.0,5.0,3.0,4.0,4.0,5.0,5.0,5.0,3.0,5.0,3.0,4.0,4.0,4.0,2.0,3.0,5.0,5.0,3.0,3.0,3.0,4.0,5.0,2.0,5.0,4.0,4.0,3.0,3.0,4.0,2.0,3.0,5.0,3.0,5.0,5.0,4.0,4.0,3.0
0ddd40d6312d4bdc3589bea15c47afa9,5.0,4.0,5.0,4.0,4.0,4.0,4.0,4.0,5.0,4.0,5.0,5.0,3.0,5.0,3.0,4.0,4.0,5.0,4.0,5.0,3.0,4.0,5.0,5.0,4.0,5.0,2.0,4.0,5.0,5.0,4.0,5.0,5.0,2.0,3.0,5.0,5.0,4.0,1.0,2.0,5.0,2.0,4.0,4.0,5.0,5.0,5.0,4.0,5.0,5.0
26a7d7505f05ed71817e2afec0b8d957,2.0,2.0,4.0,3.0,3.0,4.0,4.0,3.0,4.0,4.0,3.0,4.0,2.0,3.0,3.0,3.0,4.0,4.0,4.0,3.0,4.0,4.0,4.0,2.0,4.0,4.0,2.0,4.0,4.0,3.0,3.0,3.0,3.0,3.0,4.0,3.0,4.0,3.0,3.0,3.0,4.0,4.0,4.0,4.0,4.0,4.0,3.0,3.0,3.0,3.0
d391820addb3fcad29eaccb3774f81b9,4.0,3.0,4.0,3.0,5.0,4.0,4.0,2.0,4.0,4.0,3.0,4.0,4.0,3.0,5.0,5.0,4.0,5.0,5.0,4.0,4.0,3.0,4.0,3.0,4.0,2.0,2.0,4.0,4.0,4.0,4.0,4.0,4.0,2.0,4.0,4.0,3.0,3.0,3.0,2.0,2.0,2.0,2.0,3.0,4.0,4.0,5.0,4.0,4.0,5.0
c0296da2531bd101d1c7a597bfbe3055,4.0,4.0,4.0,4.0,3.0,3.0,5.0,5.0,3.0,4.0,3.0,4.0,4.0,4.0,2.0,4.0,4.0,5.0,5.0,4.0,4.0,3.0,5.0,5.0,4.0,1.0,2.0,4.0,3.0,5.0,2.0,5.0,3.0,2.0,5.0,2.0,4.0,2.0,1.0,2.0,2.0,4.0,3.0,5.0,2.0,4.0,3.0,4.0,3.0,2.0
12b9eba1adfb80bb4900d0f664d64729,4.0,4.0,4.0,4.0,4.0,3.0,4.0,3.0,4.0,3.0,5.0,4.0,3.0,5.0,3.0,3.0,4.0,4.0,3.0,3.0,4.0,5.0,4.0,4.0,4.0,4.0,3.0,3.0,5.0,4.0,4.0,4.0,4.0,3.0,2.0,4.0,4.0,2.0,2.0,2.0,4.0,2.0,4.0,4.0,5.0,5.0,4.0,2.0,2.0,2.0
c1c28a94ac4fa24b91c537a648a89d51,4.0,4.0,4.0,3.0,3.0,4.0,3.0,3.0,4.0,4.0,4.0,4.0,3.0,4.0,3.0,4.0,4.0,4.0,4.0,3.0,3.0,4.0,2.0,2.0,4.0,2.0,4.0,3.0,4.0,2.0,3.0,2.0,2.0,4.0,4.0,3.0,4.0,4.0,2.0,3.0,2.0,2.0,2.0,3.0,4.0,4.0,3.0,3.0,2.0,2.0
4ddf5f5db7e19cc17b603ce8e8ff351f,4.0,3.0,4.0,3.0,3.0,5.0,5.0,3.0,3.0,5.0,4.0,4.0,3.0,4.0,4.0,4.0,4.0,4.0,4.0,3.0,3.0,3.0,4.0,2.0,3.0,3.0,3.0,3.0,3.0,2.0,3.0,4.0,3.0,3.0,2.0,5.0,5.0,3.0,3.0,2.0,4.0,3.0,3.0,4.0,4.0,5.0,5.0,4.0,4.0,4.0
71b53ea50ec02d28fc08843ead3717a0,4.0,4.0,4.0,2.0,3.0,4.0,5.0,1.0,4.0,5.0,2.0,3.0,3.0,2.0,4.0,4.0,4.0,4.0,4.0,2.0,3.0,5.0,4.0,4.0,5.0,4.0,2.0,4.0,4.0,4.0,3.0,4.0,4.0,4.0,4.0,4.0,5.0,2.0,3.0,2.0,4.0,2.0,4.0,4.0,3.0,4.0,4.0,3.0,3.0,4.0
633b46db3cea2ec83b4b196dcf9f7e76,3.0,3.0,3.0,4.0,3.0,3.0,4.0,4.0,4.0,3.0,5.0,4.0,3.0,4.0,3.0,4.0,3.0,4.0,3.0,3.0,4.0,4.0,4.0,4.0,3.0,3.0,2.0,3.0,4.0,3.0,3.0,4.0,4.0,2.0,3.0,4.0,4.0,2.0,2.0,2.0,4.0,2.0,4.0,4.0,4.0,4.0,4.0,2.0,4.0,4.0
bed61885e3d7ca38dec377de7cae5683,5.0,5.0,5.0,5.0,5.0,5.0,5.0,5.0,5.0,5.0,5.0,5.0,5.0,5.0,5.0,5.0,5.0,5.0,5.0,1.0,5.0,5.0,5.0,5.0,5.0,5.0,2.0,5.0,5.0,5.0,5.0,5.0,5.0,4.0,5.0,5.0,5.0,1.0,1.0,1.0,5.0,1.0,5.0,3.0,5.0,5.0,5.0,4.0,4.0,4.0
14b40d138fb0d1e6d76b43d55611401a,5.0,5.0,5.0,4.0,4.0,4.0,4.0,5.0,5.0,4.0,4.0,4.0,4.0,4.0,4.0,4.0,4.0,4.0,4.0,3.0,4.0,5.0,4.0,4.0,4.0,4.0,3.0,4.0,4.0,4.0,4.0,4.0,4.0,3.0,4.0,4.0,5.0,3.0,2.0,3.0,5.0,2.0,5.0,5.0,5.0,5.0,5.0,5.0,5.0,5.0
c73d2b1832ee16136b6f3cfe2a596416,4.0,4.0,4.0,4.0,5.0,5.0,5.0,3.0,4.0,5.0,4.0,5.0,5.0,4.0,4.0,5.0,4.0,5.0,5.0,2.0,4.0,4.0,4.0,3.0,5.0,5.0,2.0,3.0,4.0,4.0,4.0,4.0,4.0,3.0,2.0,5.0,4.0,3.0,2.0,2.0,3.0,3.0,3.0,5.0,4.0,4.0,4.0,4.0,4.0,4.0
6eaf54527df79db49356a26daba98656,4.0,4.0,4.0,4.0,3.0,4.0,4.0,3.0,4.0,4.0,4.0,3.0,4.0,4.0,4.0,4.0,4.0,4.0,4.0,4.0,3.0,4.0,4.0,4.0,4.0,4.0,3.0,4.0,4.0,4.0,4.0,4.0,4.0,3.0,3.0,4.0,4.0,2.0,3.0,3.0,4.0,2.0,4.0,4.0,3.0,4.0,4.0,3.0,4.0,4.0
2c7048946097aef5bc1b96cc53585489,3.0,4.0,4.0,4.0,5.0,5.0,5.0,4.0,4.0,5.0,4.0,4.0,5.0,4.0,5.0,4.0,4.0,3.0,4.0,2.0,5.0,4.0,4.0,4.0,4.0,4.0,4.0,4.0,4.0,4.0,4.0,5.0,4.0,2.0,2.0,4.0,4.0,1.0,2.0,2.0,5.0,3.0,4.0,5.0,5.0,5.0,4.0,5.0,5.0,5.0
19ecb8185a0cef5d3d87a5d5d89fb1d1,5.0,4.0,5.0,5.0,5.0,4.0,5.0,4.0,5.0,4.0,4.0,5.0,3.0,5.0,3.0,5.0,5.0,5.0,4.0,3.0,3.0,4.0,3.0,4.0,3.0,5.0,3.0,4.0,5.0,3.0,4.0,4.0,5.0,2.0,4.0,4.0,4.0,2.0,3.0,2.0,3.0,2.0,3.0,2.0,4.0,4.0,5.0,5.0,3.0,3.0
89eba477e70f516a1c5ff979282d75ca,4.0,2.0,4.0,3.0,5.0,5.0,5.0,2.0,3.0,5.0,2.0,3.0,2.0,2.0,4.0,4.0,5.0,5.0,5.0,5.0,4.0,3.0,5.0,4.0,5.0,2.0,3.0,5.0,5.0,4.0,4.0,4.0,4.0,5.0,5.0,3.0,3.0,4.0,3.0,3.0,3.0,4.0,2.0,5.0,5.0,5.0,5.0,5.0,3.0,4.0
ff352cc412dda02baf83e6c095f81622,4.0,4.0,4.0,3.0,5.0,4.0,5.0,3.0,5.0,5.0,3.0,4.0,3.0,4.0,5.0,4.0,4.0,4.0,4.0,4.0,3.0,4.0,3.0,4.0,3.0,4.0,3.0,2.0,5.0,4.0,5.0,5.0,3.0,2.0,4.0,4.0,5.0,4.0,4.0,3.0,3.0,4.0,3.0,4.0,4.0,5.0,5.0,4.0,4.0,4.0
99f3080b05fd0a103b83e9c6bf3ee9a9,3.0,3.0,4.0,4.0,4.0,3.0,4.0,4.0,4.0,4.0,4.0,4.0,4.0,4.0,4.0,4.0,4.0,4.0,4.0,3.0,3.0,3.0,2.0,2.0,3.0,4.0,2.0,4.0,3.0,4.0,3.0,4.0,4.0,2.0,4.0,4.0,4.0,2.0,2.0,2.0,3.0,3.0,3.0,4.0,4.0,4.0,4.0,3.0,4.0,4.0
9a7d4b73c5a043b771670c91eb095947,4.0,4.0,4.0,4.0,4.0,4.0,4.0,4.0,4.0,4.0,4.0,4.0,4.0,4.0,3.0,4.0,4.0,4.0,4.0,4.0,3.0,3.0,4.0,3.0,4.0,4.0,4.0,3.0,4.0,3.0,3.0,4.0,4.0,3.0,4.0,3.0,3.0,2.0,3.0,3.0,4.0,2.0,3.0,4.0,3.0,5.0,4.0,3.0,4.0,3.0
59c47412160b9f60a91c8ab957834434,5.0,5.0,5.0,5.0,5.0,5.0,5.0,4.0,5.0,5.0,4.0,5.0,5.0,5.0,3.0,5.0,5.0,5.0,5.0,1.0,4.0,4.0,4.0,5.0,4.0,4.0,2.0,4.0,4.0,5.0,4.0,5.0,5.0,2.0,4.0,4.0,5.0,1.0,1.0,1.0,5.0,1.0,5.0,4.0,4.0,4.0,3.0,3.0,3.0,3.0
a1b7e8f509e4764f2240c56cf5855e68,4.0,4.0,4.0,3.0,4.0,5.0,5.0,3.0,3.0,4.0,3.0,3.0,4.0,4.0,5.0,5.0,4.0,3.0,3.0,3.0,3.0,3.0,4.0,4.0,4.0,3.0,1.0,4.0,5.0,3.0,4.0,4.0,4.0,2.0,3.0,4.0,3.0,3.0,2.0,3.0,4.0,2.0,4.0,5.0,3.0,4.0,5.0,4.0,4.0,4.0
681a2ee5f3fe039c1d403fccb58a3a67,5.0,5.0,5.0,5.0,4.0,4.0,4.0,4.0,4.0,4.0,4.0,4.0,4.0,4.0,4.0,4.0,4.0,4.0,4.0,3.0,4.0,4.0,4.0,4.0,4.0,4.0,3.0,4.0,4.0,4.0,4.0,5.0,5.0,3.0,3.0,3.0,4.0,3.0,2.0,2.0,4.0,2.0,4.0,5.0,5.0,5.0,4.0,1.0,2.0,3.0
be5a4adf3d6c9c52ecbdb00f9ee10ba6,4.0,4.0,4.0,4.0,3.0,4.0,4.0,4.0,4.0,4.0,4.0,4.0,4.0,4.0,4.0,4.0,4.0,4.0,3.0,3.0,3.0,4.0,4.0,4.0,3.0,4.0,3.0,3.0,4.0,4.0,4.0,4.0,4.0,3.0,3.0,3.0,4.0,4.0,4.0,2.0,4.0,2.0,4.0,4.0,3.0,4.0,4.0,2.0,3.0,3.0
